# time_ms,q_0,q_1,q_2,q_3,q_4,q_5,q_6,dq_0,dq_1,dq_2,dq_3,dq_4,dq_5,dq_6,tau_J_0,tau_J_1,tau_J_2,tau_J_3,tau_J_4,tau_J_5,tau_J_6,O_dP_EE_c_0,O_dP_EE_c_1,O_dP_EE_c_2,O_dP_EE_c_3,O_dP_EE_c_4,O_dP_EE_c_5
12581693.000000,-2.415605,-1.662539,1.042762,-1.356120,1.795395,1.081439,-0.548329,-0.000060,0.000152,0.000547,-0.000525,0.000565,-0.000392,0.000209,-0.068621,41.459393,-20.854080,-5.626039,0.936979,1.312057,-0.188737,0.000000,0.000000,0.000000,0.000000,0.000000,0.000000
12581694.000000,-2.415602,-1.662541,1.042758,-1.356119,1.795393,1.081441,-0.548331,0.001073,-0.000455,-0.000749,0.000207,0.000377,0.000214,-0.000573,-0.116229,41.483196,-20.806473,-5.649843,0.936979,1.299239,-0.169511,0.000000,0.000000,0.000000,0.000000,0.000000,0.000000
12581695.000000,-2.415604,-1.662539,1.042762,-1.356120,1.795392,1.081441,-0.548330,0.000159,0.000253,0.000614,-0.000419,0.000048,-0.000095,0.000093,-0.092425,41.459393,-20.854080,-5.626039,0.942472,1.305648,-0.182328,0.000000,0.000000,0.000000,0.000000,0.000000,0.000000
12581696.000000,-2.415604,-1.662539,1.042759,-1.356119,1.795394,1.081442,-0.548327,-0.000451,0.000169,0.000410,0.000277,0.000032,0.000411,0.001045,-0.068621,41.459393,-20.854080,-5.649843,0.942472,1.292831,-0.208878,0.000000,0.000000,0.000000,0.000000,0.000000,0.000000
12581697.000000,-2.415602,-1.662539,1.042761,-1.356117,1.795390,1.081439,-0.548334,0.000256,0.000113,0.000273,0.000742,-0.000860,0.000274,-0.001745,-0.092425,41.459393,-20.854080,-5.673646,0.966276,1.292831,-0.142960,0.000000,0.000000,0.000000,0.000000,0.000000,0.000000
12581698.000000,-2.415599,-1.662541,1.042758,-1.356118,1.795396,1.081440,-0.548331,0.009031,-0.001432,0.005437,-0.001269,0.001868,0.008133,-0.002236,0.205121,41.384014,-20.806473,-5.598268,0.900358,1.331283,-0.229020,0.000000,0.000000,0.000000,0.000000,0.000000,0.000000
12581699.000000,-2.415591,-1.662546,1.042761,-1.356113,1.795396,1.081436,-0.548354,0.014482,-0.006202,0.006100,0.002486,-0.000172,0.004737,-0.011091,1.244550,41.189617,-20.754898,-5.475282,0.811552,1.500655,-0.215287,0.000000,0.000000,0.000000,0.000000,0.000000,0.000000
12581700.000000,-2.415556,-1.662545,1.042772,-1.356110,1.795396,1.081430,-0.548394,0.025589,-0.003606,0.010587,0.002205,0.005698,-0.000120,-0.021730,2.728315,40.725445,-20.731094,-5.205507,0.644010,1.741439,-0.202470,0.000000,0.000000,0.000000,0.000000,0.000000,0.000000
12581701.000000,-2.415515,-1.662549,1.042791,-1.356119,1.795382,1.081452,-0.548445,0.028905,-0.002476,0.014422,-0.004297,0.005268,0.002399,-0.030868,4.660383,40.257305,-20.731094,-4.784975,0.596403,1.832076,-0.268388,0.000000,0.000000,0.000000,0.000000,0.000000,0.000000
12581702.000000,-2.415455,-1.662543,1.042814,-1.356130,1.795358,1.081496,-0.548529,0.033580,0.000762,0.019309,-0.009989,-0.006543,0.018128,-0.050993,6.592451,39.670147,-20.683487,-4.439821,0.608304,1.793624,-0.202470,0.000000,0.000000,0.000000,0.000000,0.000000,0.000000
12581703.000000,-2.415361,-1.662545,1.042839,-1.356158,1.795324,1.081571,-0.548629,0.047270,0.003889,0.021873,-0.021503,-0.016179,0.034900,-0.067462,8.123822,39.158367,-20.584305,-4.043092,0.649503,1.617843,-0.221696,0.000000,0.000000,0.000000,0.000000,0.000000,0.000000
12581704.000000,-2.415263,-1.662542,1.042880,-1.356202,1.795278,1.081657,-0.548746,0.059889,0.005746,0.028716,-0.030770,-0.027661,0.054902,-0.082543,9.587750,38.666424,-20.560501,-3.598757,0.685209,1.467696,-0.281205,0.000000,0.000000,0.000000,0.000000,0.000000,0.000000
12581705.000000,-2.415148,-1.662544,1.042924,-1.356245,1.795217,1.081759,-0.548895,0.074340,0.004594,0.034727,-0.036198,-0.040071,0.075334,-0.106112,10.849347,38.277630,-20.437515,-3.348818,0.703519,1.416427,-0.261979,0.000000,0.000000,0.000000,0.000000,0.000000,0.000000
12581706.000000,-2.415016,-1.662540,1.042980,-1.356304,1.795137,1.081881,-0.549065,0.089576,0.004509,0.040470,-0.044782,-0.053687,0.093957,-0.127415,11.912580,37.861065,-20.362137,-3.055238,0.703519,1.409103,-0.235429,0.000000,0.000000,0.000000,0.000000,0.000000,0.000000
12581707.000000,-2.414882,-1.662534,1.043043,-1.356371,1.795057,1.082025,-0.549256,0.104212,0.002730,0.050354,-0.052157,-0.057963,0.108642,-0.142096,12.952008,37.515911,-20.266922,-2.856874,0.542386,1.519881,-0.254655,0.000000,0.000000,0.000000,0.000000,0.000000,0.000000
12581708.000000,-2.414730,-1.662522,1.043130,-1.356452,1.794945,1.082198,-0.549469,0.117410,0.006345,0.062668,-0.063956,-0.074359,0.124559,-0.170372,13.844647,37.099346,-20.314529,-2.658510,0.482877,1.630660,-0.268388,0.000000,0.000000,0.000000,0.000000,0.000000,0.000000
12581709.000000,-2.414565,-1.662512,1.043231,-1.356545,1.794820,1.082400,-0.549720,0.136815,0.006640,0.074256,-0.074531,-0.095366,0.150145,-0.198322,14.534955,36.781963,-20.389908,-2.535524,0.393156,1.643478,-0.208878,0.000000,0.000000,0.000000,0.000000,0.000000,0.000000
12581710.000000,-2.414378,-1.662495,1.043346,-1.356661,1.794663,1.082632,-0.549981,0.154064,0.011320,0.090135,-0.087563,-0.113387,0.174182,-0.215620,15.130048,36.416973,-20.485123,-2.337160,0.362943,1.630660,-0.254655,0.000000,0.000000,0.000000,0.000000,0.000000,0.000000
12581711.000000,-2.414174,-1.662475,1.043470,-1.356789,1.794485,1.082884,-0.550280,0.168624,0.012762,0.101692,-0.098496,-0.133880,0.194409,-0.238698,15.602155,36.000408,-20.608109,-2.214174,0.393156,1.572067,-0.175919,0.000000,0.000000,0.000000,0.000000,0.000000,0.000000
12581712.000000,-2.413951,-1.662456,1.043618,-1.356936,1.794273,1.083183,-0.550577,0.187292,0.012928,0.115613,-0.116583,-0.159569,0.223561,-0.255619,15.871930,35.631451,-20.806473,-2.091188,0.452665,1.467696,-0.188737,0.000000,0.000000,0.000000,0.000000,0.000000,0.000000
12581713.000000,-2.413711,-1.662435,1.043770,-1.357105,1.794032,1.083503,-0.550876,0.203749,0.016006,0.128620,-0.133460,-0.184906,0.248478,-0.268343,16.098066,35.266460,-20.905655,-1.964235,0.566190,1.429244,-0.208878,0.000000,0.000000,0.000000,0.000000,0.000000,0.000000
12581714.000000,-2.413461,-1.662416,1.043934,-1.357281,1.793786,1.083835,-0.551185,0.227655,0.016675,0.141574,-0.145727,-0.205641,0.275847,-0.279305,16.296431,34.972881,-20.977066,-1.992006,0.601896,1.429244,-0.169511,0.000000,0.000000,0.000000,0.000000,0.000000,0.000000
12581715.000000,-2.413188,-1.662404,1.044107,-1.357466,1.793522,1.084187,-0.551483,0.240607,0.013903,0.149123,-0.158630,-0.224067,0.299321,-0.281065,16.367842,34.826092,-20.953262,-2.015810,0.584501,1.474105,-0.208878,0.000000,0.000000,0.000000,0.000000,0.000000,0.000000
12581716.000000,-2.412902,-1.662390,1.044293,-1.357673,1.793238,1.084561,-0.551780,0.257306,0.014783,0.156694,-0.174679,-0.242635,0.322669,-0.283075,16.490828,34.703106,-21.024673,-2.015810,0.559781,1.624252,-0.229020,0.000000,0.000000,0.000000,0.000000,0.000000,0.000000
12581717.000000,-2.412602,-1.662383,1.044484,-1.357903,1.792947,1.084954,-0.552093,0.270317,0.013366,0.165021,-0.192481,-0.258149,0.347178,-0.288617,16.590010,34.679302,-20.929459,-1.940431,0.446256,1.735030,-0.149369,0.000000,0.000000,0.000000,0.000000,0.000000,0.000000
12581718.000000,-2.412273,-1.662379,1.044692,-1.358160,1.792632,1.085375,-0.552385,0.287624,0.009087,0.175640,-0.211797,-0.271231,0.372978,-0.287827,16.490828,34.679302,-20.953262,-1.718263,0.386747,1.747848,-0.188737,0.000000,0.000000,0.000000,0.000000,0.000000,0.000000
12581719.000000,-2.411932,-1.662377,1.044895,-1.358423,1.792308,1.085823,-0.552684,0.301433,0.008136,0.188105,-0.223864,-0.290253,0.393470,-0.289773,16.467024,34.726910,-20.806473,-1.595277,0.351041,1.747848,-0.169511,0.000000,0.000000,0.000000,0.000000,0.000000,0.000000
12581720.000000,-2.411584,-1.662369,1.045123,-1.358707,1.791955,1.086303,-0.552961,0.314993,0.006892,0.202546,-0.242341,-0.312572,0.421171,-0.291440,16.443220,34.679302,-20.830276,-1.472292,0.356534,1.643478,-0.208878,0.000000,0.000000,0.000000,0.000000,0.000000,0.000000
12581721.000000,-2.411218,-1.662370,1.045362,-1.359007,1.791584,1.086812,-0.553246,0.329846,0.004861,0.217120,-0.258754,-0.329366,0.447613,-0.283809,16.443220,34.679302,-20.782669,-1.349306,0.369352,1.519881,-0.182328,0.000000,0.000000,0.000000,0.000000,0.000000,0.000000
12581722.000000,-2.410850,-1.662370,1.045601,-1.359305,1.791206,1.087331,-0.553528,0.338237,0.002883,0.225058,-0.279524,-0.348253,0.467809,-0.281891,16.590010,34.703106,-20.608109,-1.349306,0.422452,1.467696,-0.163102,0.000000,0.000000,0.000000,0.000000,0.000000,0.000000
12581723.000000,-2.410465,-1.662369,1.045858,-1.359629,1.790800,1.087870,-0.553796,0.351691,0.002072,0.234293,-0.291432,-0.363183,0.486634,-0.274515,16.716963,34.703106,-20.560501,-1.321535,0.512174,1.461288,-0.196061,0.000000,0.000000,0.000000,0.000000,0.000000,0.000000
12581724.000000,-2.410074,-1.662369,1.046122,-1.359960,1.790380,1.088427,-0.554061,0.359486,0.001493,0.242141,-0.303389,-0.375697,0.516178,-0.270238,16.962934,34.703106,-20.512894,-1.420717,0.512174,1.487838,-0.182328,0.000000,0.000000,0.000000,0.000000,0.000000,0.000000
12581725.000000,-2.409669,-1.662369,1.046392,-1.360309,1.789956,1.089001,-0.554326,0.374031,0.001080,0.248487,-0.318508,-0.390210,0.527660,-0.266243,17.109724,34.703106,-20.413712,-1.420717,0.512174,1.513473,-0.202470,0.000000,0.000000,0.000000,0.000000,0.000000,0.000000
12581726.000000,-2.409252,-1.662364,1.046669,-1.360679,1.789516,1.089601,-0.554587,0.384737,0.002546,0.257255,-0.332689,-0.403014,0.546264,-0.268574,17.359663,34.627728,-20.338333,-1.297731,0.464567,1.519881,-0.202470,0.000000,0.000000,0.000000,0.000000,0.000000,0.000000
12581727.000000,-2.408817,-1.662363,1.046968,-1.361063,1.789065,1.090209,-0.554856,0.406328,0.004372,0.268322,-0.351096,-0.418094,0.562734,-0.267274,17.506453,34.651531,-20.314529,-1.127138,0.405057,1.481429,-0.149369,0.000000,0.000000,0.000000,0.000000,0.000000,0.000000
12581728.000000,-2.408375,-1.662362,1.047273,-1.361457,1.788596,1.090848,-0.555112,0.416131,0.003216,0.276625,-0.364172,-0.430585,0.583611,-0.262156,17.756392,34.651531,-20.266922,-0.952577,0.374845,1.416427,-0.215287,0.000000,0.000000,0.000000,0.000000,0.000000,0.000000
12581729.000000,-2.407914,-1.662357,1.047582,-1.361871,1.788107,1.091503,-0.555373,0.428159,0.004040,0.285277,-0.377015,-0.447970,0.600051,-0.262199,18.077742,34.580120,-20.215347,-0.754213,0.303434,1.337692,-0.182328,0.000000,0.000000,0.000000,0.000000,0.000000,0.000000
12581730.000000,-2.407443,-1.662353,1.047903,-1.362297,1.787602,1.092169,-0.555633,0.443421,0.003419,0.294918,-0.394042,-0.461789,0.617673,-0.261953,18.299910,34.556316,-20.191544,-0.532045,0.369352,1.305648,-0.163102,0.000000,0.000000,0.000000,0.000000,0.000000,0.000000
12581731.000000,-2.406963,-1.662345,1.048223,-1.362737,1.787081,1.092862,-0.555881,0.452906,0.007310,0.309156,-0.409138,-0.479460,0.641599,-0.259923,18.672834,34.480938,-20.120132,-0.333681,0.428861,1.279098,-0.202470,0.000000,0.000000,0.000000,0.000000,0.000000,0.000000
12581732.000000,-2.406461,-1.662335,1.048568,-1.363194,1.786550,1.093564,-0.556136,0.464489,0.007458,0.320209,-0.422887,-0.503134,0.659778,-0.255157,18.918806,34.385723,-20.120132,-0.163088,0.446256,1.292831,-0.188737,0.000000,0.000000,0.000000,0.000000,0.000000,0.000000
12581733.000000,-2.405955,-1.662331,1.048928,-1.363655,1.786000,1.094292,-0.556381,0.478900,0.006446,0.331907,-0.439760,-0.516123,0.681288,-0.250592,19.192549,34.334148,-20.143936,-0.111513,0.500272,1.337692,-0.215287,0.000000,0.000000,0.000000,0.000000,0.000000,0.000000
12581734.000000,-2.405432,-1.662322,1.049295,-1.364134,1.785428,1.095043,-0.556627,0.488334,0.006725,0.344989,-0.445651,-0.534037,0.699327,-0.249486,19.486128,34.238934,-20.215347,-0.036134,0.512174,1.350509,-0.175919,0.000000,0.000000,0.000000,0.000000,0.000000,0.000000
12581735.000000,-2.404911,-1.662311,1.049674,-1.364618,1.784859,1.095807,-0.556875,0.497712,0.006397,0.354545,-0.458795,-0.537723,0.717782,-0.252784,19.859053,34.163555,-20.290726,-0.063905,0.524076,1.364242,-0.169511,0.000000,0.000000,0.000000,0.000000,0.000000,0.000000
12581736.000000,-2.404360,-1.662300,1.050067,-1.365130,1.784267,1.096592,-0.557112,0.516125,0.006698,0.367620,-0.477827,-0.550937,0.738389,-0.247904,20.132795,34.064373,-20.338333,0.035277,0.470060,1.396285,-0.215287,0.000000,0.000000,0.000000,0.000000,0.000000,0.000000
12581737.000000,-2.403796,-1.662288,1.050478,-1.365659,1.783661,1.097389,-0.557365,0.526548,0.006220,0.381436,-0.488844,-0.563349,0.757369,-0.247804,20.430342,33.992962,-20.560501,0.134459,0.440763,1.396285,-0.155778,0.000000,0.000000,0.000000,0.000000,0.000000,0.000000
12581738.000000,-2.403224,-1.662277,1.050905,-1.366186,1.783043,1.098236,-0.557598,0.541727,0.008576,0.398716,-0.499133,-0.582135,0.784670,-0.246899,20.676313,33.941387,-20.754898,0.186034,0.416959,1.279098,-0.208878,0.000000,0.000000,0.000000,0.000000,0.000000,0.000000
12581739.000000,-2.402641,-1.662266,1.051338,-1.366737,1.782417,1.099105,-0.557841,0.554843,0.007699,0.413945,-0.515663,-0.594156,0.814179,-0.246425,21.049238,33.869976,-20.977066,0.257445,0.356534,1.169235,-0.175919,0.000000,0.000000,0.000000,0.000000,0.000000,0.000000
12581740.000000,-2.402042,-1.662254,1.051779,-1.367305,1.781769,1.099963,-0.558085,0.570664,0.009507,0.426515,-0.538558,-0.610711,0.819278,-0.245462,21.271406,33.822369,-21.100052,0.332823,0.351041,1.188461,-0.142960,0.000000,0.000000,0.000000,0.000000,0.000000,0.000000
12581741.000000,-2.401424,-1.662241,1.052242,-1.367861,1.781102,1.100858,-0.558315,0.583609,0.007972,0.436984,-0.542118,-0.627673,0.837437,-0.237949,21.541182,33.770794,-21.294449,0.209837,0.351041,1.240646,-0.202470,0.000000,0.000000,0.000000,0.000000,0.000000,0.000000
12581742.000000,-2.400783,-1.662225,1.052708,-1.368444,1.780406,1.101755,-0.558552,0.599195,0.008512,0.447302,-0.552476,-0.648198,0.859187,-0.234555,21.715742,33.647808,-21.469009,0.158263,0.422452,1.272689,-0.188737,0.000000,0.000000,0.000000,0.000000,0.000000,0.000000
12581743.000000,-2.400138,-1.662211,1.053180,-1.369020,1.779716,1.102690,-0.558790,0.613216,0.010755,0.452708,-0.557007,-0.666374,0.885302,-0.233085,21.890303,33.576397,-21.568192,0.059080,0.446256,1.285506,-0.155778,0.000000,0.000000,0.000000,0.000000,0.000000,0.000000
12581744.000000,-2.399460,-1.662200,1.053664,-1.369629,1.779009,1.103642,-0.559007,0.632960,0.011288,0.455267,-0.569995,-0.668290,0.899649,-0.232152,21.989485,33.552593,-21.738785,0.134459,0.578092,1.285506,-0.229020,0.000000,0.000000,0.000000,0.000000,0.000000,0.000000
12581745.000000,-2.398781,-1.662194,1.054158,-1.370254,1.778299,1.104604,-0.559238,0.664996,0.010182,0.466402,-0.585827,-0.686493,0.916491,-0.233777,22.187849,33.600201,-21.861771,0.309019,0.757535,1.285506,-0.235429,0.000000,0.000000,0.000000,0.000000,0.000000,0.000000
12581746.000000,-2.398063,-1.662184,1.054665,-1.370877,1.777602,1.105599,-0.559478,0.683815,0.010571,0.478925,-0.600841,-0.683448,0.936071,-0.234147,22.235456,33.600201,-22.008560,0.507384,0.871061,1.285506,-0.155778,0.000000,0.000000,0.000000,0.000000,0.000000,0.000000
12581747.000000,-2.397339,-1.662176,1.055169,-1.371514,1.776902,1.106620,-0.559706,0.691936,0.007279,0.488210,-0.609403,-0.684417,0.958188,-0.234080,22.382246,33.624004,-22.032364,0.677977,0.948881,1.272689,-0.208878,0.000000,0.000000,0.000000,0.000000,0.000000,0.000000
12581748.000000,-2.396622,-1.662177,1.055700,-1.372156,1.776217,1.107646,-0.559930,0.687351,0.004481,0.503051,-0.620526,-0.680378,0.986357,-0.229022,22.088667,33.794598,-22.056168,0.578795,1.013883,1.305648,-0.268388,0.000000,0.000000,0.000000,0.000000,0.000000,0.000000
12581749.000000,-2.395882,-1.662170,1.056235,-1.372825,1.775529,1.108692,-0.560157,0.690589,0.006657,0.527639,-0.639619,-0.678930,1.007846,-0.228685,20.624739,33.941387,-21.786392,0.110655,0.913175,1.422836,-0.241837,0.000000,0.000000,0.000000,0.000000,0.000000,0.000000
12581750.000000,-2.395160,-1.662171,1.056805,-1.373510,1.774844,1.109747,-0.560389,0.695918,0.002060,0.543867,-0.648087,-0.696393,1.016571,-0.230191,18.399092,34.088177,-21.393631,-0.778017,0.864652,1.546432,-0.149369,0.000000,0.000000,0.000000,0.000000,0.000000,0.000000
12581751.000000,-2.394444,-1.662170,1.057397,-1.374200,1.774155,1.110837,-0.560600,0.703232,0.002165,0.562058,-0.658598,-0.687622,1.029052,-0.224810,15.625958,34.088177,-20.707291,-1.694460,0.739225,1.617843,-0.241837,0.000000,0.000000,0.000000,0.000000,0.000000,0.000000
12581752.000000,-2.393716,-1.662167,1.057994,-1.374919,1.773475,1.111944,-0.560822,0.716836,0.001010,0.572894,-0.666393,-0.687214,1.041836,-0.221818,12.729840,33.869976,-19.822586,-2.436342,0.524076,1.735030,-0.196061,0.000000,0.000000,0.000000,0.000000,0.000000,0.000000
12581753.000000,-2.392998,-1.662169,1.058628,-1.375636,1.772810,1.113051,-0.561048,0.728183,0.000016,0.585862,-0.695417,-0.681513,1.058726,-0.224355,9.980512,33.624004,-18.989456,-2.928285,0.374845,1.806442,-0.136552,0.000000,0.000000,0.000000,0.000000,0.000000,0.000000
12581754.000000,-2.392273,-1.662179,1.059275,-1.376359,1.772152,1.114213,-0.561255,0.729012,-0.003299,0.602622,-0.701054,-0.668157,1.081643,-0.217141,7.504926,33.477215,-18.128555,-3.325014,0.159696,1.624252,-0.202470,0.000000,0.000000,0.000000,0.000000,0.000000,0.000000
12581755.000000,-2.391540,-1.662189,1.059935,-1.377081,1.771499,1.115385,-0.561472,0.729751,-0.006066,0.618813,-0.703930,-0.652630,1.110668,-0.211091,5.279279,33.330425,-17.418411,-3.598757,0.022367,1.435653,-0.182328,0.000000,0.000000,0.000000,0.000000,0.000000,0.000000
12581756.000000,-2.390829,-1.662205,1.060602,-1.377787,1.770848,1.116575,-0.561682,0.727019,-0.010298,0.624799,-0.701811,-0.647448,1.132579,-0.213278,3.470197,33.282818,-16.755875,-3.797121,0.052579,1.370651,-0.175919,0.000000,0.000000,0.000000,0.000000,0.000000,0.000000
12581757.000000,-2.390109,-1.662233,1.061263,-1.378493,1.770212,1.117785,-0.561896,0.720090,-0.016847,0.634020,-0.696895,-0.639182,1.150240,-0.214744,1.863447,33.382000,-16.117142,-3.920107,0.129484,1.383468,-0.202470,0.000000,0.000000,0.000000,0.000000,0.000000,0.000000
12581758.000000,-2.389406,-1.662266,1.061937,-1.379197,1.769572,1.118991,-0.562117,0.714825,-0.022195,0.647557,-0.692766,-0.641147,1.169226,-0.217093,0.625654,33.528790,-15.553787,-3.967714,0.291532,1.448470,-0.188737,0.000000,0.000000,0.000000,0.000000,0.000000,0.000000
12581759.000000,-2.388688,-1.662300,1.062617,-1.379887,1.768929,1.120231,-0.562330,0.714941,-0.027572,0.659849,-0.692013,-0.639941,1.181658,-0.217488,-0.489153,33.600201,-15.038040,-3.892336,0.530485,1.429244,-0.221696,0.000000,0.000000,0.000000,0.000000,0.000000,0.000000
12581760.000000,-2.387962,-1.662331,1.063294,-1.380583,1.768299,1.121464,-0.562547,0.714231,-0.031808,0.661430,-0.692650,-0.630845,1.223688,-0.214755,-1.504779,33.552593,-14.597672,-3.697939,0.554288,1.299239,-0.215287,0.000000,0.000000,0.000000,0.000000,0.000000,0.000000
12581761.000000,-2.387248,-1.662365,1.063991,-1.381278,1.767688,1.122727,-0.562765,0.718031,-0.032114,0.668027,-0.700716,-0.619742,1.228832,-0.214640,-2.369647,33.501019,-14.327896,-3.348818,0.578092,1.064864,-0.163102,0.000000,0.000000,0.000000,0.000000,0.000000,0.000000
12581762.000000,-2.386527,-1.662403,1.064677,-1.381977,1.767066,1.123968,-0.562970,0.714168,-0.034340,0.673623,-0.700281,-0.614624,1.230065,-0.210144,-3.111529,33.405804,-13.935135,-2.956056,0.584501,0.993453,-0.221696,0.000000,0.000000,0.000000,0.000000,0.000000,0.000000
12581763.000000,-2.385817,-1.662437,1.065373,-1.382672,1.766482,1.125174,-0.563187,0.721566,-0.032630,0.679797,-0.693006,-0.601454,1.225721,-0.209861,-3.706622,33.282818,-13.613785,-2.606935,0.434354,1.090499,-0.196061,0.000000,0.000000,0.000000,0.000000,0.000000,0.000000
12581764.000000,-2.385102,-1.662461,1.066070,-1.383350,1.765871,1.126382,-0.563395,0.716955,-0.027895,0.684671,-0.683487,-0.596885,1.210544,-0.208553,-4.202532,33.013042,-13.173416,-2.384767,0.422452,1.292831,-0.202470,0.000000,0.000000,0.000000,0.000000,0.000000,0.000000
12581765.000000,-2.384401,-1.662480,1.066761,-1.384009,1.765288,1.127599,-0.563612,0.707342,-0.022480,0.686223,-0.667953,-0.588308,1.210702,-0.209481,-4.400897,32.644085,-12.756851,-2.460146,0.267728,1.416427,-0.169511,0.000000,0.000000,0.000000,0.000000,0.000000,0.000000
12581766.000000,-2.383714,-1.662485,1.067471,-1.384640,1.764707,1.128799,-0.563819,0.703842,-0.015557,0.694771,-0.659868,-0.584194,1.208687,-0.207642,-4.547686,32.132305,-12.411697,-2.757692,0.159696,1.442062,-0.188737,0.000000,0.000000,0.000000,0.000000,0.000000,0.000000
12581767.000000,-2.383017,-1.662480,1.068173,-1.385277,1.764122,1.130014,-0.564020,0.699928,-0.005912,0.698386,-0.649587,-0.574882,1.197397,-0.211000,-4.674639,31.545147,-12.066544,-3.003664,0.159696,1.429244,-0.215287,0.000000,0.000000,0.000000,0.000000,0.000000,0.000000
12581768.000000,-2.382330,-1.662471,1.068894,-1.385918,1.763541,1.131213,-0.564226,0.691440,0.001133,0.703161,-0.641802,-0.586166,1.200481,-0.209614,-4.722247,30.934185,-11.848343,-3.126650,0.213712,1.318465,-0.208878,0.000000,0.000000,0.000000,0.000000,0.000000,0.000000
12581769.000000,-2.381640,-1.662458,1.069616,-1.386559,1.762953,1.132438,-0.564428,0.692485,0.005571,0.701820,-0.639522,-0.586352,1.204291,-0.207636,-4.968218,30.343060,-11.479385,-3.126650,0.356534,1.136276,-0.241837,0.000000,0.000000,0.000000,0.000000,0.000000,0.000000
12581770.000000,-2.380952,-1.662435,1.070334,-1.387206,1.762376,1.133660,-0.564640,0.687970,0.012876,0.696320,-0.638157,-0.586801,1.209754,-0.209265,-5.043597,29.708294,-11.257217,-3.027467,0.386747,1.025497,-0.188737,0.000000,0.000000,0.000000,0.000000,0.000000,0.000000
12581771.000000,-2.380282,-1.662411,1.071072,-1.387830,1.761820,1.134863,-0.564848,0.684329,0.020714,0.706085,-0.650487,-0.578597,1.207918,-0.208588,-5.043597,29.097332,-10.987442,-3.027467,0.303434,0.934859,-0.202470,0.000000,0.000000,0.000000,0.000000,0.000000,0.000000
12581772.000000,-2.379600,-1.662390,1.071821,-1.388442,1.761257,1.136081,-0.565047,0.678517,0.019380,0.721557,-0.633859,-0.576155,1.201611,-0.204171,-5.019793,28.656963,-10.793045,-3.225832,0.219205,0.824081,-0.188737,0.000000,0.000000,0.000000,0.000000,0.000000,0.000000
12581773.000000,-2.378929,-1.662369,1.072556,-1.389057,1.760697,1.137289,-0.565244,0.674291,0.021189,0.729164,-0.624616,-0.570327,1.205941,-0.199925,-4.869036,28.240398,-10.424088,-3.424196,0.123990,0.733443,-0.188737,0.000000,0.000000,0.000000,0.000000,0.000000,0.000000
12581774.000000,-2.378262,-1.662346,1.073296,-1.389657,1.760150,1.138484,-0.565435,0.668106,0.022207,0.730555,-0.618103,-0.566812,1.201548,-0.196500,-4.821429,27.847637,-9.983719,-3.646364,0.052579,0.908309,-0.208878,0.000000,0.000000,0.000000,0.000000,0.000000,0.000000
12581775.000000,-2.377581,-1.662321,1.074039,-1.390276,1.759599,1.139690,-0.565633,0.664489,0.021956,0.736915,-0.617740,-0.560047,1.196509,-0.195256,-4.869036,27.506451,-9.614761,-3.622560,0.010465,1.084090,-0.188737,0.000000,0.000000,0.000000,0.000000,0.000000,0.000000
12581776.000000,-2.376900,-1.662309,1.074803,-1.390892,1.759057,1.140899,-0.565820,0.672841,0.018006,0.741805,-0.615110,-0.554490,1.200082,-0.191354,-5.067400,27.335857,-9.392593,-3.598757,0.064481,1.012679,-0.241837,0.000000,0.000000,0.000000,0.000000,0.000000,0.000000
12581777.000000,-2.376202,-1.662298,1.075574,-1.391504,1.758500,1.142145,-0.566011,0.679134,0.014414,0.745205,-0.612011,-0.548750,1.203993,-0.191044,-5.416522,27.212872,-9.075211,-3.475771,0.093778,0.765487,-0.248246,0.000000,0.000000,0.000000,0.000000,0.000000,0.000000
12581778.000000,-2.375502,-1.662284,1.076356,-1.392113,1.757956,1.143383,-0.566207,0.682962,0.015237,0.754679,-0.606236,-0.540449,1.246465,-0.191665,-5.785479,27.089886,-9.023636,-3.424196,0.141385,0.446883,-0.215287,0.000000,0.000000,0.000000,0.000000,0.000000,0.000000
12581779.000000,-2.374816,-1.662279,1.077160,-1.392695,1.757415,1.144623,-0.566390,0.683758,0.010711,0.765914,-0.601358,-0.542410,1.249750,-0.186829,-6.035418,27.066082,-8.999832,-3.598757,0.147794,0.343429,-0.235429,0.000000,0.000000,0.000000,0.000000,0.000000,0.000000
12581780.000000,-2.374133,-1.662277,1.077961,-1.393275,1.756867,1.145841,-0.566582,0.675716,0.006581,0.761825,-0.590632,-0.543663,1.239736,-0.189347,-6.134600,27.089886,-8.999832,-3.797121,0.178007,0.511886,-0.182328,0.000000,0.000000,0.000000,0.000000,0.000000,0.000000
12581781.000000,-2.373453,-1.662286,1.078768,-1.393847,1.756335,1.147041,-0.566765,0.691573,0.000394,0.775718,-0.582095,-0.542818,1.233895,-0.183045,-6.332964,27.260479,-8.829239,-4.213686,0.141385,0.733443,-0.221696,0.000000,0.000000,0.000000,0.000000,0.000000,0.000000
12581782.000000,-2.372766,-1.662281,1.079599,-1.394407,1.755800,1.148249,-0.566952,0.687004,0.000818,0.791083,-0.576814,-0.538535,1.223431,-0.184702,-6.479754,27.236675,-8.853043,-4.586610,0.123990,0.974227,-0.215287,0.000000,0.000000,0.000000,0.000000,0.000000,0.000000
12581783.000000,-2.372070,-1.662280,1.080434,-1.394969,1.755275,1.149471,-0.567144,0.687853,0.001101,0.803432,-0.567571,-0.539110,1.216659,-0.186663,-6.824908,27.212872,-8.952225,-4.884157,0.076383,1.104232,-0.202470,0.000000,0.000000,0.000000,0.000000,0.000000,0.000000
12581784.000000,-2.371371,-1.662279,1.081279,-1.395535,1.754752,1.150684,-0.567328,0.694605,0.001290,0.810800,-0.566768,-0.534783,1.216358,-0.181465,-7.273211,27.189068,-8.900650,-4.955568,0.027860,1.058456,-0.235429,0.000000,0.000000,0.000000,0.000000,0.000000,0.000000
12581786.000000,-2.369951,-1.662272,1.082990,-1.396681,1.753703,1.153128,-0.567700,0.700033,0.001748,0.830602,-0.568933,-0.534166,1.219271,-0.178357,-8.237262,27.113689,-8.853043,-4.808778,0.015958,0.811263,-0.188737,0.000000,0.000000,0.000000,0.000000,0.000000,0.000000
12581787.000000,-2.369241,-1.662259,1.083867,-1.397231,1.753188,1.154344,-0.567878,0.701923,0.005155,0.839357,-0.562357,-0.529105,1.217302,-0.182661,-8.780780,26.943096,-8.730057,-4.808778,0.046171,0.792037,-0.229020,0.000000,0.000000,0.000000,0.000000,0.000000,0.000000
12581788.000000,-2.368529,-1.662254,1.084732,-1.397796,1.752679,1.155548,-0.568065,0.701706,0.004550,0.844094,-0.558312,-0.528413,1.215691,-0.181476,-9.328265,26.895489,-8.531693,-4.709596,0.046171,0.908309,-0.188737,0.000000,0.000000,0.000000,0.000000,0.000000,0.000000
12581789.000000,-2.367823,-1.662244,1.085621,-1.398337,1.752173,1.156748,-0.568245,0.704377,0.005910,0.851535,-0.565042,-0.524952,1.214539,-0.178267,-9.820209,26.772503,-8.313492,-4.757204,0.076383,0.895492,-0.202470,0.000000,0.000000,0.000000,0.000000,0.000000,0.000000
12581790.000000,-2.367111,-1.662234,1.086532,-1.398884,1.751673,1.157955,-0.568422,0.705157,0.008829,0.870379,-0.556666,-0.514795,1.210978,-0.175675,-10.244708,26.697124,-8.313492,-4.856386,0.052579,0.895492,-0.229020,0.000000,0.000000,0.000000,0.000000,0.000000,0.000000
12581791.000000,-2.366395,-1.662225,1.087433,-1.399427,1.751170,1.159151,-0.568602,0.703443,0.010434,0.881568,-0.548727,-0.505697,1.210411,-0.171572,-10.589862,26.649517,-8.238113,-5.007143,-0.031649,0.895492,-0.208878,0.000000,0.000000,0.000000,0.000000,0.000000,0.000000
12581792.000000,-2.365690,-1.662220,1.088363,-1.399961,1.750676,1.160347,-0.568776,0.699944,0.009427,0.900231,-0.546044,-0.498485,1.209980,-0.167254,-10.935016,26.697124,-8.289688,-5.054750,-0.001437,0.928451,-0.208878,0.000000,0.000000,0.000000,0.000000,0.000000,0.000000
12581793.000000,-2.364971,-1.662227,1.089292,-1.400506,1.750181,1.161554,-0.568950,0.707034,0.002250,0.907373,-0.542451,-0.495114,1.212018,-0.168285,-11.331744,26.895489,-8.361099,-4.983339,-0.013339,0.980636,-0.229020,0.000000,0.000000,0.000000,0.000000,0.000000,0.000000
12581794.000000,-2.364265,-1.662232,1.090259,-1.401055,1.749693,1.162735,-0.569129,0.717475,-0.002037,0.923104,-0.541211,-0.494062,1.210915,-0.169416,-11.676898,27.066082,-8.607071,-4.907960,-0.013339,1.006271,-0.215287,0.000000,0.000000,0.000000,0.000000,0.000000,0.000000
12581795.000000,-2.363546,-1.662229,1.091226,-1.401595,1.749206,1.163934,-0.569313,0.714582,0.001012,0.930234,-0.543840,-0.497036,1.207843,-0.176543,-12.097430,27.113689,-8.706253,-4.784975,-0.031649,1.012679,-0.155778,0.000000,0.000000,0.000000,0.000000,0.000000,0.000000
12581796.000000,-2.362831,-1.662237,1.092192,-1.402121,1.748715,1.165117,-0.569480,0.710858,-0.002798,0.937850,-0.535039,-0.493090,1.206256,-0.171821,-12.394977,27.284283,-8.777664,-4.931764,-0.091158,0.954086,-0.241837,0.000000,0.000000,0.000000,0.000000,0.000000,0.000000
12581797.000000,-2.362139,-1.662241,1.093174,-1.402637,1.748227,1.166316,-0.569663,0.702089,-0.003241,0.952245,-0.527633,-0.486087,1.206862,-0.174070,-12.569537,27.359661,-8.753860,-5.177736,-0.019747,0.993453,-0.196061,0.000000,0.000000,0.000000,0.000000,0.000000,0.000000
12581798.000000,-2.361438,-1.662249,1.094136,-1.403163,1.747742,1.167503,-0.569838,0.698643,-0.004097,0.961114,-0.525597,-0.491005,1.195970,-0.173909,-12.815509,27.454876,-8.531693,-5.276918,-0.019747,1.142684,-0.182328,0.000000,0.000000,0.000000,0.000000,0.000000,0.000000
12581799.000000,-2.360730,-1.662252,1.095126,-1.403692,1.747259,1.168667,-0.570000,0.698703,-0.002513,0.969531,-0.524134,-0.486345,1.184895,-0.165897,-13.089252,27.454876,-8.384903,-5.376100,-0.007845,1.299239,-0.254655,0.000000,0.000000,0.000000,0.000000,0.000000,0.000000
12581800.000000,-2.360042,-1.662262,1.096118,-1.404216,1.746772,1.169850,-0.570173,0.696823,-0.003832,0.975822,-0.525611,-0.485915,1.170671,-0.169971,-13.311419,27.554058,-8.043716,-5.376100,0.081876,1.299239,-0.188737,0.000000,0.000000,0.000000,0.000000,0.000000,0.000000
12581801.000000,-2.359344,-1.662272,1.097113,-1.404737,1.746284,1.171056,-0.570338,0.691733,-0.007931,0.980813,-0.520065,-0.482459,1.176970,-0.169916,-13.533587,27.653240,-7.750137,-5.451478,0.081876,1.149093,-0.202470,0.000000,0.000000,0.000000,0.000000,0.000000,0.000000
12581802.000000,-2.358657,-1.662277,1.098132,-1.405250,1.745814,1.172246,-0.570500,0.690896,-0.006017,0.995410,-0.517226,-0.474065,1.179210,-0.164129,-13.831134,27.677044,-7.504166,-5.526857,0.058073,0.915633,-0.254655,0.000000,0.000000,0.000000,0.000000,0.000000,0.000000
12581803.000000,-2.357983,-1.662280,1.099160,-1.405756,1.745352,1.173450,-0.570671,0.682261,-0.004141,1.001874,-0.515913,-0.469601,1.179068,-0.160767,-13.831134,27.677044,-7.281998,-5.721254,-0.025240,0.765487,-0.169511,0.000000,0.000000,0.000000,0.000000,0.000000,0.000000
12581804.000000,-2.357309,-1.662285,1.100181,-1.406261,1.744884,1.174632,-0.570823,0.673840,-0.003972,1.009288,-0.508303,-0.475479,1.194799,-0.159624,-13.807330,27.724651,-7.059830,-5.919618,-0.067355,0.648299,-0.261979,0.000000,0.000000,0.000000,0.000000,0.000000,0.000000
12581805.000000,-2.356648,-1.662292,1.101225,-1.406757,1.744435,1.175823,-0.570989,0.670566,-0.007536,1.015913,-0.502750,-0.463091,1.192630,-0.163167,-13.759723,27.800030,-6.889236,-6.141786,-0.126864,0.654708,-0.229020,0.000000,0.000000,0.000000,0.000000,0.000000,0.000000
12581806.000000,-2.355991,-1.662286,1.102273,-1.407251,1.743978,1.177011,-0.571157,0.660601,-0.003013,1.013412,-0.501541,-0.458728,1.175922,-0.162471,-13.585162,27.700848,-6.841629,-6.439332,-0.168978,0.727035,-0.188737,0.000000,0.000000,0.000000,0.000000,0.000000,0.000000
12581807.000000,-2.355340,-1.662282,1.103348,-1.407726,1.743534,1.178193,-0.571306,0.658145,0.000080,1.031720,-0.503408,-0.452588,1.176874,-0.162010,-13.561358,27.601665,-6.841629,-6.836061,-0.174471,0.785628,-0.254655,0.000000,0.000000,0.000000,0.000000,0.000000,0.000000
12581808.000000,-2.354681,-1.662273,1.104435,-1.408206,1.743096,1.179394,-0.571463,0.656973,0.000717,1.048850,-0.495914,-0.447279,1.168656,-0.156894,-13.561358,27.431072,-6.813858,-7.082033,-0.180880,0.727035,-0.229020,0.000000,0.000000,0.000000,0.000000,0.000000,0.000000
12581809.000000,-2.354024,-1.662262,1.105512,-1.408683,1.742644,1.180593,-0.571628,0.650025,0.004075,1.055109,-0.486701,-0.444707,1.204814,-0.157992,-13.561358,27.260479,-6.813858,-7.328004,-0.162570,0.597030,-0.188737,0.000000,0.000000,0.000000,0.000000,0.000000,0.000000
12581810.000000,-2.353370,-1.662255,1.106614,-1.409156,1.742199,1.181798,-0.571791,0.654891,0.004742,1.066476,-0.482428,-0.447797,1.193645,-0.157422,-13.731952,27.161297,-6.841629,-7.478761,-0.126864,0.524703,-0.175919,0.000000,0.000000,0.000000,0.000000,0.000000,0.000000
12581811.000000,-2.352712,-1.662247,1.107718,-1.409644,1.741764,1.183008,-0.571946,0.652262,0.005724,1.080514,-0.484161,-0.441540,1.197875,-0.156520,-13.831134,27.042278,-6.865433,-7.379579,-0.174471,0.505477,-0.196061,0.000000,0.000000,0.000000,0.000000,0.000000,0.000000
12581812.000000,-2.352067,-1.662234,1.108824,-1.410120,1.741321,1.184190,-0.572100,0.665523,0.007084,1.079926,-0.482892,-0.445151,1.193243,-0.154666,-13.882709,26.895489,-6.619461,-7.403383,-0.162570,0.557662,-0.221696,0.000000,0.000000,0.000000,0.000000,0.000000,0.000000
12581813.000000,-2.351420,-1.662227,1.109946,-1.410582,1.740889,1.185391,-0.572261,0.656996,0.006918,1.084995,-0.479137,-0.436780,1.187970,-0.156751,-13.930316,26.796307,-6.397293,-7.526369,-0.187289,0.622665,-0.169511,0.000000,0.000000,0.000000,0.000000,0.000000,0.000000
12581814.000000,-2.350773,-1.662207,1.111064,-1.411034,1.740460,1.186593,-0.572404,0.649207,0.010273,1.098758,-0.467067,-0.437503,1.185114,-0.152677,-13.930316,26.550335,-6.179092,-7.748537,-0.276095,0.674850,-0.261979,0.000000,0.000000,0.000000,0.000000,0.000000,0.000000
12581815.000000,-2.350149,-1.662194,1.112218,-1.411482,1.740034,1.187779,-0.572559,0.641884,0.010769,1.109178,-0.458152,-0.434558,1.188443,-0.154740,-13.831134,26.379742,-6.202896,-7.998476,-0.342013,0.759078,-0.221696,0.000000,0.000000,0.000000,0.000000,0.000000,0.000000
12581816.000000,-2.349504,-1.662184,1.113366,-1.411937,1.739613,1.188988,-0.572706,0.638783,0.010561,1.124125,-0.457420,-0.426617,1.185869,-0.150735,-13.882709,26.232952,-6.179092,-8.145266,-0.414340,0.687667,-0.215287,0.000000,0.000000,0.000000,0.000000,0.000000,0.000000
12581817.000000,-2.348866,-1.662175,1.114570,-1.412404,1.739188,1.190173,-0.572853,0.647390,0.009321,1.147741,-0.456173,-0.435775,1.193021,-0.150133,-13.882709,26.133770,-6.544083,-8.169069,-0.407931,0.668441,-0.248246,0.000000,0.000000,0.000000,0.000000,0.000000,0.000000
12581818.000000,-2.348239,-1.662165,1.115788,-1.412860,1.738750,1.191356,-0.573006,0.640420,0.011694,1.171712,-0.457147,-0.434632,1.173213,-0.153484,-13.930316,26.038555,-6.964615,-8.121462,-0.300814,0.759078,-0.188737,0.000000,0.000000,0.000000,0.000000,0.000000,0.000000
12581819.000000,-2.347597,-1.662164,1.116996,-1.413330,1.738335,1.192547,-0.573149,0.635865,0.008048,1.183570,-0.458733,-0.419559,1.175325,-0.148855,-14.053302,26.038555,-7.381180,-7.970705,-0.312716,0.817672,-0.202470,0.000000,0.000000,0.000000,0.000000,0.000000,0.000000
12581820.000000,-2.346978,-1.662158,1.118235,-1.413778,1.737917,1.193722,-0.573296,0.632997,0.006760,1.197490,-0.458779,-0.425730,1.179054,-0.145688,-14.029498,25.986980,-7.750137,-8.022280,-0.246798,0.817672,-0.208878,0.000000,0.000000,0.000000,0.000000,0.000000,0.000000
12581821.000000,-2.346346,-1.662162,1.119485,-1.414235,1.737496,1.194901,-0.573440,0.632394,0.002328,1.214653,-0.457786,-0.424135,1.176787,-0.148953,-14.081073,26.086163,-7.992142,-7.998476,-0.192782,0.869857,-0.182328,0.000000,0.000000,0.000000,0.000000,0.000000,0.000000
12581822.000000,-2.345720,-1.662163,1.120723,-1.414694,1.737090,1.196069,-0.573576,0.623069,0.001101,1.223029,-0.459049,-0.415444,1.180230,-0.147514,-14.152484,26.109966,-8.115128,-7.998476,-0.234896,0.869857,-0.248246,0.000000,0.000000,0.000000,0.000000,0.000000,0.000000
12581823.000000,-2.345099,-1.662168,1.121968,-1.415146,1.736680,1.197235,-0.573722,0.623515,0.002229,1.220630,-0.455550,-0.414698,1.179069,-0.150372,-14.251666,26.185345,-7.968338,-7.946901,-0.246798,0.987045,-0.202470,0.000000,0.000000,0.000000,0.000000,0.000000,0.000000
12581824.000000,-2.344483,-1.662180,1.123208,-1.415612,1.736264,1.198410,-0.573855,0.615677,-0.001377,1.221917,-0.454449,-0.412087,1.172240,-0.146037,-14.204059,26.451153,-7.896927,-7.899293,-0.180880,1.077682,-0.229020,0.000000,0.000000,0.000000,0.000000,0.000000,0.000000
12581825.000000,-2.343870,-1.662196,1.124458,-1.416089,1.735874,1.199572,-0.573991,0.617801,-0.003638,1.218807,-0.466328,-0.402549,1.176246,-0.146319,-14.152484,26.990704,-8.043716,-7.649354,-0.199191,1.110641,-0.274796,0.000000,0.000000,0.000000,0.000000,0.000000,0.000000
12581826.000000,-2.343254,-1.662218,1.125697,-1.416550,1.735476,1.200773,-0.574133,0.614864,-0.010617,1.225654,-0.462668,-0.403852,1.183139,-0.145045,-13.906512,27.923016,-8.460281,-7.625551,-0.234896,0.960494,-0.254655,0.000000,0.000000,0.000000,0.000000,0.000000,0.000000
12581827.000000,-2.342641,-1.662251,1.126916,-1.417022,1.735077,1.201955,-0.574284,0.611252,-0.019670,1.221061,-0.467738,-0.397393,1.214875,-0.146246,-13.462176,29.196514,-9.293411,-7.526369,-0.234896,0.863448,-0.175919,0.000000,0.000000,0.000000,0.000000,0.000000,0.000000
12581828.000000,-2.342045,-1.662266,1.128138,-1.417475,1.734692,1.203153,-0.574424,0.606660,-0.020482,1.216732,-0.462451,-0.386398,1.205108,-0.142514,-12.890887,30.418438,-10.277298,-7.577943,-0.270602,0.836898,-0.208878,0.000000,0.000000,0.000000,0.000000,0.000000,0.000000
12581829.000000,-2.341449,-1.662282,1.129360,-1.417933,1.734295,1.204353,-0.574560,0.599479,-0.022112,1.228539,-0.461210,-0.388303,1.202388,-0.140271,-12.196612,31.739544,-11.526993,-7.625551,-0.138766,0.908309,-0.248246,0.000000,0.000000,0.000000,0.000000,0.000000,0.000000
12581830.000000,-2.340859,-1.662288,1.130574,-1.418387,1.733899,1.205523,-0.574712,0.608833,-0.020522,1.226460,-0.456243,-0.390417,1.190655,-0.138020,-11.653094,32.818645,-12.558487,-7.748537,0.004056,1.155502,-0.169511,0.000000,0.000000,0.000000,0.000000,0.000000,0.000000
12581831.000000,-2.340261,-1.662285,1.131802,-1.418832,1.733512,1.206709,-0.574845,0.603030,-0.015398,1.221122,-0.450808,-0.386061,1.180678,-0.135487,-11.208758,33.746990,-13.589981,-7.946901,0.112089,1.357833,-0.229020,0.000000,0.000000,0.000000,0.000000,0.000000,0.000000
12581832.000000,-2.339652,-1.662281,1.133029,-1.419276,1.733124,1.207902,-0.574982,0.601130,-0.011595,1.229583,-0.443582,-0.387274,1.172025,-0.136064,-10.887408,34.532513,-14.716690,-8.121462,0.225614,1.546432,-0.229020,0.000000,0.000000,0.000000,0.000000,0.000000,0.000000
12581833.000000,-2.339054,-1.662274,1.134260,-1.419729,1.732748,1.209075,-0.575120,0.601075,-0.004921,1.224354,-0.447156,-0.383845,1.169725,-0.137182,-10.736651,35.143475,-15.577591,-8.097658,0.219205,1.649886,-0.221696,0.000000,0.000000,0.000000,0.000000,0.000000,0.000000
12581834.000000,-2.338447,-1.662272,1.135473,-1.420189,1.732365,1.210271,-0.575255,0.604213,-0.002763,1.227602,-0.453288,-0.376675,1.160154,-0.136006,-10.665240,35.706829,-16.192520,-8.046083,0.231107,1.605026,-0.254655,0.000000,0.000000,0.000000,0.000000,0.000000,0.000000
12581835.000000,-2.337844,-1.662269,1.136704,-1.420652,1.731992,1.211437,-0.575399,0.597768,0.000355,1.225286,-0.452134,-0.385934,1.159614,-0.141880,-10.613666,36.194805,-16.632889,-7.970705,0.285123,1.611434,-0.215287,0.000000,0.000000,0.000000,0.000000,0.000000,0.000000
12581836.000000,-2.337261,-1.662268,1.137962,-1.421103,1.731622,1.212613,-0.575530,0.595860,0.000139,1.244896,-0.453364,-0.379738,1.149667,-0.139223,-10.415301,36.635174,-17.196243,-7.923097,0.183500,1.662704,-0.254655,0.000000,0.000000,0.000000,0.000000,0.000000,0.000000
12581837.000000,-2.336674,-1.662269,1.139204,-1.421540,1.731262,1.213790,-0.575669,0.589525,0.000014,1.244570,-0.444011,-0.374635,1.147698,-0.139289,-10.193133,37.051739,-17.735794,-8.121462,0.064481,1.630660,-0.241837,0.000000,0.000000,0.000000,0.000000,0.000000,0.000000
12581838.000000,-2.336115,-1.662282,1.140466,-1.421962,1.730919,1.214957,-0.575812,0.580016,-0.004721,1.251613,-0.439324,-0.362695,1.152480,-0.140860,-9.847980,37.515911,-18.180130,-8.442812,-0.031649,1.552840,-0.182328,0.000000,0.000000,0.000000,0.000000,0.000000,0.000000
12581839.000000,-2.335563,-1.662308,1.141769,-1.422380,1.730556,1.216123,-0.575943,0.564874,-0.011165,1.261865,-0.429133,-0.365900,1.150255,-0.137690,-9.300494,38.103069,-19.037064,-8.787966,-0.049044,1.526290,-0.241837,0.000000,0.000000,0.000000,0.000000,0.000000,0.000000
12581840.000000,-2.335008,-1.662338,1.143052,-1.422779,1.730188,1.217248,-0.576081,0.557477,-0.015466,1.278497,-0.417036,-0.364503,1.140503,-0.139358,-8.856158,38.666424,-19.751175,-9.331484,-0.043551,1.786300,-0.188737,0.000000,0.000000,0.000000,0.000000,0.000000,0.000000
12581841.000000,-2.334478,-1.662373,1.144356,-1.423167,1.729829,1.218392,-0.576204,0.546907,-0.021599,1.279746,-0.407533,-0.359658,1.131656,-0.132386,-8.360248,39.229778,-20.512894,-9.803591,-0.013339,1.974899,-0.229020,0.000000,0.000000,0.000000,0.000000,0.000000,0.000000
12581842.000000,-2.333942,-1.662418,1.145642,-1.423560,1.729461,1.219565,-0.576338,0.536524,-0.027923,1.280944,-0.401898,-0.362451,1.140942,-0.130367,-7.915911,39.868511,-21.100052,-10.172548,0.076383,1.897079,-0.202470,0.000000,0.000000,0.000000,0.000000,0.000000,0.000000
12581843.000000,-2.333414,-1.662471,1.146938,-1.423960,1.729089,1.220716,-0.576467,0.533518,-0.036133,1.276602,-0.397584,-0.364429,1.149184,-0.131449,-7.519183,40.527081,-21.568192,-10.319338,0.166105,1.793624,-0.215287,0.000000,0.000000,0.000000,0.000000,0.000000,0.000000
12581844.000000,-2.332884,-1.662515,1.148235,-1.424357,1.728723,1.221876,-0.576597,0.531777,-0.038889,1.290512,-0.402470,-0.365234,1.140316,-0.132909,-7.273211,41.042828,-21.909378,-10.370913,0.243009,1.735030,-0.215287,0.000000,0.000000,0.000000,0.000000,0.000000,0.000000
12581845.000000,-2.332355,-1.662568,1.149497,-1.424755,1.728375,1.223027,-0.576730,0.527103,-0.042516,1.283931,-0.396675,-0.355826,1.167723,-0.130986,-7.023272,41.629986,-21.933182,-10.370913,0.171598,1.760665,-0.182328,0.000000,0.000000,0.000000,0.000000,0.000000,0.000000
12581846.000000,-2.331840,-1.662620,1.150781,-1.425156,1.728010,1.224165,-0.576853,0.524761,-0.044914,1.273414,-0.398493,-0.358943,1.158937,-0.126989,-6.701922,42.193340,-21.960953,-10.247927,0.237516,1.806442,-0.215287,0.000000,0.000000,0.000000,0.000000,0.000000,0.000000
12581847.000000,-2.331331,-1.662671,1.152033,-1.425561,1.727653,1.225321,-0.576977,0.517878,-0.045466,1.263140,-0.397089,-0.354956,1.161354,-0.125647,-6.356768,42.705120,-21.738785,-10.073366,0.159696,1.812850,-0.221696,0.000000,0.000000,0.000000,0.000000,0.000000,0.000000
12581848.000000,-2.330830,-1.662709,1.153325,-1.425971,1.727305,1.226455,-0.577103,0.520945,-0.044359,1.269214,-0.403078,-0.349754,1.163270,-0.128558,-6.011614,43.026470,-21.861771,-9.875002,0.117582,1.930038,-0.215287,0.000000,0.000000,0.000000,0.000000,0.000000,0.000000
12581849.000000,-2.330333,-1.662739,1.154619,-1.426367,1.726962,1.227607,-0.577222,0.511814,-0.040784,1.274864,-0.401583,-0.349951,1.161839,-0.130024,-5.614886,43.197063,-21.984756,-9.775820,0.058073,1.988631,-0.235429,0.000000,0.000000,0.000000,0.000000,0.000000,0.000000
12581850.000000,-2.329840,-1.662775,1.155897,-1.426775,1.726615,1.228771,-0.577350,0.500768,-0.036098,1.260013,-0.400922,-0.346318,1.161091,-0.130097,-5.293536,43.391460,-22.202957,-9.605227,0.027860,1.916305,-0.169511,0.000000,0.000000,0.000000,0.000000,0.000000,0.000000
12581851.000000,-2.329364,-1.662805,1.157207,-1.427186,1.726262,1.229917,-0.577460,0.493538,-0.030724,1.272772,-0.406898,-0.350247,1.151891,-0.125508,-4.869036,43.490643,-22.623489,-9.331484,0.171598,1.865035,-0.229020,0.000000,0.000000,0.000000,0.000000,0.000000,0.000000
12581852.000000,-2.328877,-1.662833,1.158490,-1.427599,1.725920,1.231070,-0.577577,0.489896,-0.028297,1.277203,-0.410298,-0.344735,1.137317,-0.124787,-4.547686,43.514446,-22.940872,-9.109316,0.249418,1.897079,-0.215287,0.000000,0.000000,0.000000,0.000000,0.000000,0.000000
12581853.000000,-2.328399,-1.662853,1.159808,-1.428021,1.725579,1.232205,-0.577700,0.481422,-0.026781,1.288333,-0.413537,-0.355842,1.128576,-0.120519,-4.226336,43.391460,-23.528030,-8.839540,0.273221,1.968490,-0.175919,0.000000,0.000000,0.000000,0.000000,0.000000,0.000000
12581854.000000,-2.327934,-1.662878,1.161109,-1.428441,1.725230,1.233352,-0.577809,0.476410,-0.024774,1.292362,-0.418986,-0.354557,1.116469,-0.113832,-3.857378,43.343853,-23.750198,-8.565798,0.362943,2.033492,-0.235429,0.000000,0.000000,0.000000,0.000000,0.000000,0.000000
12581855.000000,-2.327472,-1.662896,1.162387,-1.428876,1.724883,1.234516,-0.577925,0.470236,-0.021829,1.286693,-0.423136,-0.348525,1.127170,-0.115550,-3.385272,43.220867,-23.920792,-8.244448,0.452665,2.001449,-0.235429,0.000000,0.000000,0.000000,0.000000,0.000000,0.000000
12581856.000000,-2.327008,-1.662922,1.163675,-1.429309,1.724555,1.235655,-0.578038,0.467546,-0.022152,1.282565,-0.434071,-0.345253,1.129088,-0.115920,-3.087725,43.197063,-23.996170,-7.923097,0.440763,2.001449,-0.254655,0.000000,0.000000,0.000000,0.000000,0.000000,0.000000
12581857.000000,-2.326542,-1.662938,1.164972,-1.429764,1.724219,1.236805,-0.578161,0.466130,-0.022722,1.281339,-0.439177,-0.337122,1.125772,-0.115532,-2.841753,43.050274,-24.119156,-7.427186,0.405057,2.053634,-0.182328,0.000000,0.000000,0.000000,0.000000,0.000000,0.000000
12581858.000000,-2.326083,-1.662960,1.166253,-1.430224,1.723886,1.237968,-0.578273,0.459253,-0.025455,1.289068,-0.444778,-0.331455,1.146269,-0.109789,-2.492632,42.998699,-24.289749,-6.959047,0.369352,1.981307,-0.241837,0.000000,0.000000,0.000000,0.000000,0.000000,0.000000
12581859.000000,-2.325627,-1.662991,1.167545,-1.430678,1.723566,1.239121,-0.578388,0.454522,-0.028098,1.284706,-0.452158,-0.328778,1.152887,-0.112710,-2.270464,43.097881,-24.436539,-6.490907,0.369352,1.865035,-0.221696,0.000000,0.000000,0.000000,0.000000,0.000000,0.000000
12581860.000000,-2.325183,-1.663016,1.168850,-1.431142,1.723235,1.240276,-0.578501,0.450027,-0.027476,1.278549,-0.456266,-0.327130,1.148572,-0.114075,-1.925311,43.097881,-24.976089,-6.042604,0.398649,1.844894,-0.235429,0.000000,0.000000,0.000000,0.000000,0.000000,0.000000
12581861.000000,-2.324748,-1.663039,1.170155,-1.431603,1.722908,1.241390,-0.578615,0.446410,-0.027103,1.279619,-0.453979,-0.330100,1.141386,-0.111052,-1.528582,43.097881,-25.420425,-5.721254,0.405057,2.066451,-0.241837,0.000000,0.000000,0.000000,0.000000,0.000000,0.000000
12581862.000000,-2.324312,-1.663065,1.171478,-1.432059,1.722568,1.242519,-0.578728,0.443078,-0.027741,1.297662,-0.453229,-0.326411,1.128673,-0.115099,-1.108050,43.145489,-26.007584,-5.499086,0.500272,2.248641,-0.196061,0.000000,0.000000,0.000000,0.000000,0.000000,0.000000
12581863.000000,-2.323880,-1.663092,1.172760,-1.432505,1.722232,1.243647,-0.578835,0.438015,-0.027693,1.293451,-0.448399,-0.328635,1.138059,-0.114493,-0.711321,43.173260,-26.229752,-5.451478,0.608304,2.307235,-0.254655,0.000000,0.000000,0.000000,0.000000,0.000000,0.000000
12581864.000000,-2.323470,-1.663111,1.174053,-1.432957,1.721903,1.244785,-0.578952,0.432279,-0.025714,1.288431,-0.447876,-0.327279,1.132747,-0.117989,-0.215411,43.121685,-26.376541,-5.328493,0.644010,2.372237,-0.202470,0.000000,0.000000,0.000000,0.000000,0.000000,0.000000
12581865.000000,-2.323043,-1.663134,1.175337,-1.433419,1.721570,1.245929,-0.579066,0.427556,-0.025525,1.312708,-0.449673,-0.321064,1.130524,-0.114491,0.129743,43.121685,-26.622513,-5.106325,0.679716,2.410690,-0.196061,0.000000,0.000000,0.000000,0.000000,0.000000,0.000000
12581866.000000,-2.322624,-1.663151,1.176617,-1.433885,1.721249,1.247050,-0.579171,0.430510,-0.020654,1.300812,-0.452948,-0.320611,1.144568,-0.107947,0.526471,43.050274,-26.574905,-4.931764,0.685209,2.417098,-0.287614,0.000000,0.000000,0.000000,0.000000,0.000000,0.000000
12581867.000000,-2.322209,-1.663172,1.177902,-1.434352,1.720932,1.248193,-0.579287,0.422435,-0.021399,1.292527,-0.456648,-0.320235,1.134577,-0.114067,0.796247,43.026470,-26.499527,-4.586610,0.679716,2.313644,-0.215287,0.000000,0.000000,0.000000,0.000000,0.000000,0.000000
12581868.000000,-2.321786,-1.663196,1.179144,-1.434828,1.720612,1.249347,-0.579398,0.424345,-0.022859,1.262039,-0.459300,-0.318882,1.130503,-0.110450,0.970807,43.050274,-26.130569,-4.189882,0.649503,2.131454,-0.235429,0.000000,0.000000,0.000000,0.000000,0.000000,0.000000
12581869.000000,-2.321374,-1.663207,1.180430,-1.435295,1.720301,1.250484,-0.579508,0.418013,-0.020548,1.261222,-0.465155,-0.317923,1.132073,-0.108305,1.216779,42.927288,-26.229752,-3.797121,0.608304,2.001449,-0.248246,0.000000,0.000000,0.000000,0.000000,0.000000,0.000000
12581870.000000,-2.320961,-1.663222,1.181701,-1.435759,1.719993,1.251628,-0.579614,0.413027,-0.016943,1.263519,-0.463109,-0.310695,1.126233,-0.106784,1.442914,42.851910,-26.059158,-3.547182,0.535978,1.981307,-0.254655,0.000000,0.000000,0.000000,0.000000,0.000000,0.000000
12581871.000000,-2.320549,-1.663241,1.182951,-1.436209,1.719691,1.252762,-0.579728,0.408451,-0.019378,1.259959,-0.460126,-0.312395,1.131106,-0.108352,1.589704,42.851910,-25.936172,-3.499574,0.547880,1.897079,-0.182328,0.000000,0.000000,0.000000,0.000000,0.000000,0.000000
12581872.000000,-2.320150,-1.663260,1.184208,-1.436652,1.719375,1.253901,-0.579825,0.405029,-0.018488,1.255230,-0.455161,-0.316233,1.129156,-0.104319,1.863447,42.875713,-25.789383,-3.448000,0.596403,1.930038,-0.235429,0.000000,0.000000,0.000000,0.000000,0.000000,0.000000
12581873.000000,-2.319740,-1.663280,1.185450,-1.437091,1.719053,1.255041,-0.579921,0.403861,-0.017671,1.250874,-0.447803,-0.313215,1.126850,-0.098122,2.034040,42.903484,-25.789383,-3.523378,0.745634,2.020675,-0.281205,0.000000,0.000000,0.000000,0.000000,0.000000,0.000000
12581874.000000,-2.319330,-1.663295,1.186696,-1.437526,1.718745,1.256158,-0.580029,0.403352,-0.018655,1.250251,-0.450057,-0.312806,1.124152,-0.101621,2.085615,42.875713,-25.642593,-3.475771,0.823453,2.157089,-0.221696,0.000000,0.000000,0.000000,0.000000,0.000000,0.000000
12581875.000000,-2.318921,-1.663311,1.187943,-1.437969,1.718443,1.257307,-0.580125,0.403338,-0.014054,1.244766,-0.445644,-0.311332,1.130299,-0.100467,2.109418,42.875713,-25.543411,-3.400392,0.882963,2.137862,-0.261979,0.000000,0.000000,0.000000,0.000000,0.000000,0.000000
12581876.000000,-2.318505,-1.663319,1.189166,-1.438411,1.718131,1.258469,-0.580231,0.404329,-0.013855,1.244885,-0.439633,-0.310497,1.150798,-0.103042,2.085615,42.756695,-25.420425,-3.277406,0.942472,1.884261,-0.208878,0.000000,0.000000,0.000000,0.000000,0.000000,0.000000
12581877.000000,-2.318091,-1.663331,1.190393,-1.438846,1.717839,1.259643,-0.580329,0.406045,-0.012730,1.234154,-0.438243,-0.300162,1.165525,-0.097921,2.010236,42.705120,-25.249832,-3.178224,0.864652,1.649886,-0.235429,0.000000,0.000000,0.000000,0.000000,0.000000,0.000000
12581878.000000,-2.317674,-1.663337,1.191611,-1.439281,1.717553,1.260803,-0.580428,0.407301,-0.010090,1.215026,-0.433568,-0.295761,1.163912,-0.098504,1.887250,42.582134,-25.174454,-3.055238,0.757535,1.584884,-0.254655,0.000000,0.000000,0.000000,0.000000,0.000000,0.000000
12581879.000000,-2.317272,-1.663343,1.192845,-1.439712,1.717278,1.261948,-0.580532,0.413434,-0.008942,1.217098,-0.429902,-0.288289,1.160583,-0.097708,1.863447,42.486919,-25.174454,-3.003664,0.637601,1.584884,-0.188737,0.000000,0.000000,0.000000,0.000000,0.000000,0.000000
12581880.000000,-2.316869,-1.663349,1.194090,-1.440127,1.716990,1.263100,-0.580622,0.409478,-0.005410,1.232072,-0.423074,-0.286674,1.147273,-0.092348,1.911054,42.411541,-25.297440,-2.979860,0.613798,1.670028,-0.248246,0.000000,0.000000,0.000000,0.000000,0.000000,0.000000
12581881.000000,-2.316466,-1.663362,1.195312,-1.440535,1.716702,1.264248,-0.580718,0.405137,-0.008251,1.231375,-0.416038,-0.287206,1.137504,-0.095095,2.010236,42.435345,-25.491837,-3.126650,0.637601,1.838485,-0.254655,0.000000,0.000000,0.000000,0.000000,0.000000,0.000000
12581883.000000,-2.315668,-1.663374,1.197798,-1.441328,1.716146,1.266516,-0.580913,0.398265,-0.004611,1.226247,-0.404422,-0.280196,1.117573,-0.098240,2.085615,42.264751,-26.205948,-3.424196,0.739225,2.248641,-0.248246,0.000000,0.000000,0.000000,0.000000,0.000000,0.000000
12581884.000000,-2.315264,-1.663386,1.199027,-1.441722,1.715877,1.267662,-0.581009,0.397068,-0.003859,1.226768,-0.398079,-0.282688,1.116827,-0.100013,2.061811,42.264751,-26.328934,-3.547182,0.793241,2.209274,-0.229020,0.000000,0.000000,0.000000,0.000000,0.000000,0.000000
12581885.000000,-2.314856,-1.663398,1.200264,-1.442125,1.715592,1.268814,-0.581098,0.396751,-0.006982,1.224829,-0.398370,-0.284619,1.121759,-0.095627,1.986432,42.288555,-26.499527,-3.475771,0.847257,2.163497,-0.254655,0.000000,0.000000,0.000000,0.000000,0.000000,0.000000
12581886.000000,-2.314445,-1.663399,1.201470,-1.442531,1.715318,1.269957,-0.581199,0.397217,-0.005708,1.221004,-0.398421,-0.277945,1.119341,-0.099475,1.863447,42.169537,-26.451920,-3.348818,0.811552,2.196456,-0.202470,0.000000,0.000000,0.000000,0.000000,0.000000,0.000000
12581887.000000,-2.314038,-1.663409,1.202683,-1.442935,1.715059,1.271083,-0.581297,0.399096,-0.003952,1.211866,-0.397687,-0.271116,1.122911,-0.100119,1.688886,42.141766,-26.277359,-3.154421,0.721830,2.202865,-0.208878,0.000000,0.000000,0.000000,0.000000,0.000000,0.000000
12581888.000000,-2.313645,-1.663416,1.203902,-1.443329,1.714802,1.272224,-0.581391,0.396503,-0.005205,1.218197,-0.392991,-0.266393,1.119475,-0.100068,1.811872,42.094158,-26.106766,-3.102846,0.644010,2.183639,-0.229020,0.000000,0.000000,0.000000,0.000000,0.000000,0.000000
12581889.000000,-2.313241,-1.663426,1.205093,-1.443721,1.714540,1.273350,-0.581490,0.392288,-0.007347,1.206375,-0.388351,-0.275888,1.120909,-0.097515,1.911054,42.094158,-25.813187,-3.102846,0.566190,2.137862,-0.202470,0.000000,0.000000,0.000000,0.000000,0.000000,0.000000
12581890.000000,-2.312854,-1.663425,1.206314,-1.444099,1.714282,1.274502,-0.581581,0.386963,-0.005433,1.204455,-0.384928,-0.272033,1.125562,-0.096629,2.109418,41.947369,-25.761612,-3.126650,0.530485,1.981307,-0.248246,0.000000,0.000000,0.000000,0.000000,0.000000,0.000000
12581891.000000,-2.312471,-1.663420,1.207499,-1.444474,1.714027,1.275648,-0.581683,0.378846,-0.002555,1.198074,-0.382649,-0.264880,1.132366,-0.096065,2.331586,41.729168,-25.519608,-3.225832,0.512174,1.974899,-0.196061,0.000000,0.000000,0.000000,0.000000,0.000000,0.000000
12581892.000000,-2.312090,-1.663420,1.208714,-1.444855,1.713770,1.276777,-0.581772,0.379543,-0.000293,1.198747,-0.389133,-0.258172,1.142469,-0.091153,2.454572,41.629986,-25.519608,-3.202028,0.584501,1.949264,-0.254655,0.000000,0.000000,0.000000,0.000000,0.000000,0.000000
12581893.000000,-2.311704,-1.663422,1.209918,-1.445228,1.713514,1.277912,-0.581865,0.379332,-0.001581,1.194758,-0.386656,-0.258217,1.136536,-0.094427,2.605329,41.530804,-25.345047,-3.178224,0.679716,1.955673,-0.254655,0.000000,0.000000,0.000000,0.000000,0.000000,0.000000
12581894.000000,-2.311317,-1.663416,1.211109,-1.445592,1.713246,1.279049,-0.581967,0.381025,-0.000363,1.187963,-0.378355,-0.262573,1.135197,-0.098962,2.680707,41.336407,-25.297440,-3.277406,0.769437,1.865035,-0.188737,0.000000,0.000000,0.000000,0.000000,0.000000,0.000000
12581895.000000,-2.310942,-1.663413,1.212311,-1.445955,1.712985,1.280191,-0.582054,0.376052,0.001248,1.186263,-0.376503,-0.259685,1.132107,-0.092514,2.752119,41.237225,-25.345047,-3.225832,0.817045,1.812850,-0.268388,0.000000,0.000000,0.000000,0.000000,0.000000,0.000000
12581896.000000,-2.310561,-1.663410,1.213478,-1.446312,1.712745,1.281331,-0.582149,0.375609,0.002529,1.164465,-0.366533,-0.251425,1.120263,-0.092921,2.779890,41.138042,-25.099075,-3.376589,0.715421,1.832076,-0.215287,0.000000,0.000000,0.000000,0.000000,0.000000,0.000000
12581897.000000,-2.310186,-1.663405,1.214667,-1.446675,1.712495,1.282465,-0.582242,0.383465,0.004003,1.166734,-0.363529,-0.250085,1.119758,-0.091864,2.803693,41.019024,-24.952286,-3.376589,0.721830,1.812850,-0.188737,0.000000,0.000000,0.000000,0.000000,0.000000,0.000000
12581898.000000,-2.309800,-1.663404,1.215833,-1.447026,1.712258,1.283603,-0.582324,0.383928,0.002968,1.160581,-0.357985,-0.250669,1.111882,-0.088038,2.728315,40.991253,-24.511917,-3.499574,0.637601,1.903487,-0.248246,0.000000,0.000000,0.000000,0.000000,0.000000,0.000000
12581899.000000,-2.309416,-1.663392,1.216994,-1.447388,1.712018,1.284750,-0.582413,0.383254,0.005150,1.165786,-0.354762,-0.245804,1.119435,-0.088829,2.680707,40.844463,-24.289749,-3.424196,0.535978,1.981307,-0.221696,0.000000,0.000000,0.000000,0.000000,0.000000,0.000000
12581900.000000,-2.309039,-1.663382,1.218170,-1.447733,1.711780,1.285882,-0.582498,0.384057,0.005463,1.163970,-0.353050,-0.245113,1.116890,-0.086569,2.581525,40.749249,-24.166763,-3.475771,0.506681,1.962081,-0.261979,0.000000,0.000000,0.000000,0.000000,0.000000,0.000000
12581901.000000,-2.308661,-1.663375,1.219336,-1.448084,1.711550,1.287043,-0.582586,0.379087,0.008853,1.186658,-0.347387,-0.243061,1.126048,-0.087973,2.529951,40.650066,-24.095352,-3.448000,0.452665,1.806442,-0.235429,0.000000,0.000000,0.000000,0.000000,0.000000,0.000000
12581902.000000,-2.308282,-1.663357,1.220534,-1.448437,1.711314,1.288184,-0.582674,0.374689,0.011241,1.188799,-0.347834,-0.249499,1.147437,-0.091258,2.553754,40.427898,-24.341324,-3.348818,0.512174,1.637069,-0.241837,0.000000,0.000000,0.000000,0.000000,0.000000,0.000000
12581903.000000,-2.307907,-1.663347,1.221734,-1.448765,1.711084,1.289325,-0.582764,0.373781,0.009828,1.187014,-0.343433,-0.245114,1.142358,-0.090906,2.482343,40.332684,-24.634903,-3.448000,0.542386,1.643478,-0.215287,0.000000,0.000000,0.000000,0.000000,0.000000,0.000000
12581904.000000,-2.307537,-1.663341,1.222923,-1.449097,1.710843,1.290454,-0.582847,0.368079,0.011528,1.191030,-0.335831,-0.246805,1.135136,-0.088618,2.454572,40.257305,-25.051468,-3.424196,0.589994,1.773483,-0.241837,0.000000,0.000000,0.000000,0.000000,0.000000,0.000000
12581905.000000,-2.307174,-1.663340,1.224119,-1.449412,1.710606,1.291573,-0.582929,0.366442,0.008006,1.189460,-0.328685,-0.243777,1.135838,-0.087548,2.482343,40.257305,-25.321243,-3.646364,0.644010,1.871444,-0.254655,0.000000,0.000000,0.000000,0.000000,0.000000,0.000000
12581906.000000,-2.306804,-1.663342,1.225308,-1.449725,1.710368,1.292695,-0.583018,0.364317,0.004372,1.201495,-0.320805,-0.240891,1.123474,-0.085026,2.529951,40.308880,-25.368851,-3.844728,0.703519,1.942855,-0.196061,0.000000,0.000000,0.000000,0.000000,0.000000,0.000000
12581907.000000,-2.306430,-1.663339,1.226485,-1.450048,1.710140,1.293795,-0.583091,0.364562,0.003745,1.192959,-0.322103,-0.230967,1.121911,-0.082032,2.529951,40.281109,-25.491837,-3.868532,0.661405,2.079269,-0.274796,0.000000,0.000000,0.000000,0.000000,0.000000,0.000000
12581908.000000,-2.306060,-1.663337,1.227662,-1.450361,1.709929,1.294914,-0.583178,0.367700,0.003189,1.190590,-0.319577,-0.225048,1.110073,-0.088956,2.406965,40.257305,-25.396622,-3.920107,0.535978,2.112228,-0.221696,0.000000,0.000000,0.000000,0.000000,0.000000,0.000000
12581909.000000,-2.305691,-1.663342,1.228815,-1.450683,1.709700,1.296052,-0.583265,0.367203,-0.000093,1.183491,-0.318880,-0.229127,1.110755,-0.089796,2.359357,40.356487,-25.174454,-3.745546,0.512174,2.033492,-0.175919,0.000000,0.000000,0.000000,0.000000,0.000000,0.000000
12581910.000000,-2.305317,-1.663345,1.229979,-1.451010,1.709471,1.297180,-0.583335,0.370978,-0.001099,1.175897,-0.328428,-0.232702,1.108771,-0.085886,2.160993,40.404095,-24.857071,-3.598757,0.494779,1.877853,-0.248246,0.000000,0.000000,0.000000,0.000000,0.000000,0.000000
12581911.000000,-2.304936,-1.663346,1.231148,-1.451329,1.709243,1.298322,-0.583415,0.373503,-0.001232,1.167857,-0.326810,-0.227905,1.112126,-0.086946,1.962629,40.427898,-24.559525,-3.499574,0.530485,1.754256,-0.221696,0.000000,0.000000,0.000000,0.000000,0.000000,0.000000
12581912.000000,-2.304557,-1.663339,1.232314,-1.451645,1.709019,1.299439,-0.583491,0.375336,0.000892,1.169143,-0.324310,-0.227413,1.135464,-0.086325,1.764264,40.356487,-24.535721,-3.424196,0.524076,1.721298,-0.229020,0.000000,0.000000,0.000000,0.000000,0.000000,0.000000
12581913.000000,-2.304192,-1.663336,1.233457,-1.451950,1.708802,1.300585,-0.583563,0.368507,0.001183,1.158004,-0.317111,-0.226961,1.140279,-0.081482,1.641279,40.332684,-24.071548,-3.475771,0.512174,1.572067,-0.248246,0.000000,0.000000,0.000000,0.000000,0.000000,0.000000
12581914.000000,-2.303825,-1.663338,1.234612,-1.452253,1.708574,1.301732,-0.583639,0.367671,0.000256,1.158276,-0.311659,-0.230329,1.130936,-0.078572,1.565900,40.356487,-24.019974,-3.523378,0.613798,1.539108,-0.241837,0.000000,0.000000,0.000000,0.000000,0.000000,0.000000
12581915.000000,-2.303459,-1.663338,1.235778,-1.452554,1.708353,1.302837,-0.583712,0.372510,0.000189,1.159956,-0.306990,-0.223840,1.130144,-0.074815,1.466718,40.356487,-23.896988,-3.622560,0.601896,1.695663,-0.274796,0.000000,0.000000,0.000000,0.000000,0.000000,0.000000
12581916.000000,-2.303084,-1.663332,1.236948,-1.452848,1.708135,1.303960,-0.583789,0.373803,0.001253,1.159457,-0.302028,-0.221735,1.116207,-0.074576,1.292158,40.308880,-23.873184,-3.646364,0.535978,1.884261,-0.241837,0.000000,0.000000,0.000000,0.000000,0.000000,0.000000
12581917.000000,-2.302712,-1.663327,1.238093,-1.453137,1.707915,1.305094,-0.583866,0.370866,0.004672,1.155885,-0.294030,-0.218747,1.117917,-0.073782,1.145368,40.281109,-23.825577,-3.697939,0.554288,1.955673,-0.229020,0.000000,0.000000,0.000000,0.000000,0.000000,0.000000
12581918.000000,-2.302346,-1.663323,1.239256,-1.453430,1.707702,1.306230,-0.583945,0.370216,0.004501,1.149022,-0.296648,-0.214615,1.120000,-0.073444,0.947004,40.233501,-23.825577,-3.670168,0.518583,1.858627,-0.202470,0.000000,0.000000,0.000000,0.000000,0.000000,0.000000
12581919.000000,-2.301962,-1.663310,1.240391,-1.453735,1.707484,1.307368,-0.584017,0.376959,0.006638,1.166793,-0.295707,-0.209583,1.123382,-0.070451,0.673261,40.086712,-23.702591,-3.499574,0.566190,1.786300,-0.248246,0.000000,0.000000,0.000000,0.000000,0.000000,0.000000
12581920.000000,-2.301576,-1.663300,1.241533,-1.454031,1.707281,1.308482,-0.584100,0.379579,0.009961,1.160403,-0.290335,-0.215376,1.137215,-0.072393,0.375715,39.987530,-23.480423,-3.376589,0.518583,1.851302,-0.182328,0.000000,0.000000,0.000000,0.000000,0.000000,0.000000
12581921.000000,-2.301196,-1.663285,1.242672,-1.454322,1.707061,1.309613,-0.584171,0.378750,0.014170,1.150022,-0.291425,-0.214976,1.126121,-0.070341,0.054365,39.816936,-23.234451,-3.301210,0.554288,1.844894,-0.208878,0.000000,0.000000,0.000000,0.000000,0.000000,0.000000
12581922.000000,-2.300822,-1.663275,1.243809,-1.454607,1.706845,1.310753,-0.584237,0.374524,0.014778,1.134231,-0.289159,-0.209376,1.122225,-0.072012,-0.144000,39.745525,-23.135269,-3.325014,0.578092,1.800033,-0.268388,0.000000,0.000000,0.000000,0.000000,0.000000,0.000000
12581923.000000,-2.300448,-1.663262,1.244962,-1.454879,1.706643,1.311874,-0.584321,0.375864,0.012838,1.137131,-0.283672,-0.207951,1.116782,-0.074678,-0.366168,39.646343,-23.135269,-3.424196,0.554288,1.786300,-0.188737,0.000000,0.000000,0.000000,0.000000,0.000000,0.000000
12581924.000000,-2.300075,-1.663247,1.246121,-1.455163,1.706444,1.313004,-0.584384,0.375049,0.015085,1.152226,-0.280087,-0.204923,1.107429,-0.070837,-0.512957,39.523357,-23.210648,-3.499574,0.488370,1.793624,-0.248246,0.000000,0.000000,0.000000,0.000000,0.000000,0.000000
12581925.000000,-2.299704,-1.663239,1.247287,-1.455437,1.706240,1.314117,-0.584458,0.370303,0.013868,1.160672,-0.275334,-0.206298,1.113482,-0.071502,-0.612139,39.523357,-23.603409,-3.670168,0.500272,1.812850,-0.221696,0.000000,0.000000,0.000000,0.000000,0.000000,0.000000
12581926.000000,-2.299342,-1.663226,1.248462,-1.455707,1.706045,1.315232,-0.584529,0.367324,0.016631,1.164260,-0.275242,-0.204344,1.109525,-0.070587,-0.711321,39.499554,-23.948563,-3.697939,0.440763,1.909896,-0.229020,0.000000,0.000000,0.000000,0.000000,0.000000,0.000000
12581927.000000,-2.298980,-1.663217,1.249619,-1.455980,1.705834,1.316356,-0.584602,0.367282,0.014650,1.168000,-0.273770,-0.205827,1.104383,-0.070359,-0.810504,39.523357,-24.218338,-3.769350,0.464567,1.955673,-0.221696,0.000000,0.000000,0.000000,0.000000,0.000000,0.000000
12581928.000000,-2.298620,-1.663213,1.250792,-1.456254,1.705624,1.317460,-0.584676,0.367782,0.009613,1.163349,-0.275720,-0.203897,1.112405,-0.071542,-0.885882,39.574932,-24.511917,-3.797121,0.524076,1.968490,-0.175919,0.000000,0.000000,0.000000,0.000000,0.000000,0.000000
12581929.000000,-2.298259,-1.663200,1.251961,-1.456516,1.705426,1.318584,-0.584735,0.360686,0.008405,1.157998,-0.274404,-0.203081,1.114575,-0.063767,-0.909686,39.523357,-24.682510,-3.868532,0.488370,1.981307,-0.248246,0.000000,0.000000,0.000000,0.000000,0.000000,0.000000
12581930.000000,-2.297893,-1.663188,1.253101,-1.456779,1.705222,1.319698,-0.584808,0.359977,0.010959,1.153968,-0.269148,-0.200075,1.127419,-0.066730,-1.008868,39.451946,-24.682510,-3.967714,0.506681,2.033492,-0.202470,0.000000,0.000000,0.000000,0.000000,0.000000,0.000000
12581931.000000,-2.297547,-1.663185,1.254240,-1.457036,1.705029,1.320796,-0.584870,0.353135,0.006894,1.142373,-0.266472,-0.197702,1.123174,-0.065686,-0.961260,39.499554,-24.412735,-4.043092,0.518583,2.072860,-0.241837,0.000000,0.000000,0.000000,0.000000,0.000000,0.000000
12581932.000000,-2.297196,-1.663175,1.255374,-1.457298,1.704830,1.321906,-0.584941,0.351838,0.008717,1.141243,-0.264273,-0.195432,1.106093,-0.067734,-0.961260,39.475750,-24.166763,-3.991518,0.524076,2.033492,-0.208878,0.000000,0.000000,0.000000,0.000000,0.000000,0.000000
12581933.000000,-2.296853,-1.663170,1.256508,-1.457562,1.704637,1.323002,-0.585005,0.357789,0.007845,1.136218,-0.262275,-0.197034,1.101633,-0.066750,-0.909686,39.547161,-23.750198,-3.943910,0.488370,2.098495,-0.235429,0.000000,0.000000,0.000000,0.000000,0.000000,0.000000
12581934.000000,-2.296512,-1.663158,1.257652,-1.457816,1.704439,1.324123,-0.585074,0.350792,0.010234,1.130425,-0.261334,-0.199086,1.094005,-0.066883,-0.810504,39.499554,-23.480423,-3.868532,0.470060,2.079269,-0.248246,0.000000,0.000000,0.000000,0.000000,0.000000,0.000000
12581935.000000,-2.296171,-1.663141,1.258787,-1.458074,1.704257,1.325262,-0.585147,0.342473,0.013700,1.130224,-0.258099,-0.193874,1.100500,-0.064662,-0.711321,39.376568,-23.381241,-3.745546,0.393156,1.916305,-0.208878,0.000000,0.000000,0.000000,0.000000,0.000000,0.000000
12581936.000000,-2.295846,-1.663126,1.259920,-1.458325,1.704066,1.326387,-0.585209,0.335724,0.015356,1.130959,-0.256065,-0.193793,1.104979,-0.059614,-0.588336,39.281353,-23.111465,-3.745546,0.416959,1.708480,-0.254655,0.000000,0.000000,0.000000,0.000000,0.000000,0.000000
12581937.000000,-2.295517,-1.663108,1.261055,-1.458581,1.703879,1.327505,-0.585277,0.330026,0.017172,1.140290,-0.255255,-0.188465,1.101411,-0.058951,-0.441546,39.158367,-23.087662,-3.721742,0.440763,1.662704,-0.221696,0.000000,0.000000,0.000000,0.000000,0.000000,0.000000
12581938.000000,-2.295191,-1.663092,1.262197,-1.458825,1.703699,1.328608,-0.585339,0.325718,0.017782,1.145201,-0.251592,-0.189708,1.121742,-0.060966,-0.266986,39.059185,-23.040054,-3.820925,0.381254,1.708480,-0.229020,0.000000,0.000000,0.000000,0.000000,0.000000,0.000000
12581939.000000,-2.294875,-1.663077,1.263351,-1.459066,1.703510,1.329720,-0.585402,0.322770,0.017878,1.138887,-0.250005,-0.191435,1.116993,-0.063230,-0.092425,38.983807,-23.111465,-3.892336,0.434354,1.760665,-0.221696,0.000000,0.000000,0.000000,0.000000,0.000000,0.000000
12581940.000000,-2.294566,-1.663067,1.264468,-1.459307,1.703315,1.330854,-0.585466,0.318576,0.012919,1.135588,-0.244669,-0.196238,1.120324,-0.065045,0.129743,38.983807,-23.016251,-3.991518,0.458158,1.695663,-0.208878,0.000000,0.000000,0.000000,0.000000,0.000000,0.000000
12581941.000000,-2.294260,-1.663051,1.265599,-1.459545,1.703128,1.331960,-0.585524,0.316086,0.014766,1.126554,-0.244630,-0.195026,1.120442,-0.064826,0.228925,38.888592,-22.917068,-4.019289,0.476469,1.649886,-0.248246,0.000000,0.000000,0.000000,0.000000,0.000000,0.000000
12581942.000000,-2.293947,-1.663033,1.266742,-1.459787,1.702938,1.333069,-0.585590,0.313650,0.016704,1.134954,-0.244226,-0.194066,1.112162,-0.062900,0.351911,38.765606,-22.865494,-3.991518,0.506681,1.760665,-0.215287,0.000000,0.000000,0.000000,0.000000,0.000000,0.000000
12581943.000000,-2.293638,-1.663012,1.267850,-1.460034,1.702754,1.334174,-0.585647,0.308580,0.018067,1.126795,-0.244684,-0.191624,1.106177,-0.059127,0.474897,38.642620,-22.623489,-3.920107,0.482877,1.708480,-0.235429,0.000000,0.000000,0.000000,0.000000,0.000000,0.000000
12581944.000000,-2.293331,-1.662999,1.268967,-1.460279,1.702571,1.335301,-0.585710,0.309415,0.017195,1.119065,-0.242731,-0.191450,1.106162,-0.062149,0.526471,38.595013,-22.377518,-3.797121,0.500272,1.649886,-0.221696,0.000000,0.000000,0.000000,0.000000,0.000000,0.000000
12581945.000000,-2.293025,-1.662977,1.270081,-1.460521,1.702398,1.336430,-0.585767,0.308328,0.019583,1.121520,-0.241299,-0.187641,1.104436,-0.063249,0.625654,38.424419,-22.278336,-3.646364,0.428861,1.611434,-0.235429,0.000000,0.000000,0.000000,0.000000,0.000000,0.000000
12581946.000000,-2.292731,-1.662953,1.271224,-1.460765,1.702223,1.337551,-0.585823,0.308395,0.021708,1.128316,-0.243235,-0.189095,1.111645,-0.064006,0.772443,38.226055,-22.401321,-3.523378,0.332731,1.539108,-0.248246,0.000000,0.000000,0.000000,0.000000,0.000000,0.000000
12581947.000000,-2.292438,-1.662931,1.272376,-1.461003,1.702043,1.338685,-0.585886,0.303906,0.025173,1.133366,-0.238623,-0.188589,1.112919,-0.062603,0.923200,38.079266,-22.647293,-3.376589,0.308927,1.454879,-0.202470,0.000000,0.000000,0.000000,0.000000,0.000000,0.000000
12581948.000000,-2.292148,-1.662920,1.273518,-1.461234,1.701858,1.339821,-0.585941,0.302068,0.020605,1.136691,-0.234881,-0.185941,1.107668,-0.062966,1.145368,38.103069,-22.940872,-3.348818,0.356534,1.402694,-0.229020,0.000000,0.000000,0.000000,0.000000,0.000000,0.000000
12581949.000000,-2.291862,-1.662901,1.274675,-1.461466,1.701676,1.340925,-0.585998,0.296131,0.020343,1.137393,-0.232111,-0.188962,1.104418,-0.060219,1.292158,38.007854,-23.286026,-3.225832,0.416959,1.526290,-0.229020,0.000000,0.000000,0.000000,0.000000,0.000000,0.000000
12581950.000000,-2.291579,-1.662881,1.275817,-1.461705,1.701495,1.342018,-0.586052,0.289327,0.020325,1.169143,-0.232378,-0.187480,1.092263,-0.057773,1.514325,37.908672,-23.651016,-3.126650,0.518583,1.800033,-0.235429,0.000000,0.000000,0.000000,0.000000,0.000000,0.000000
12581951.000000,-2.291296,-1.662869,1.276966,-1.461937,1.701319,1.343114,-0.586109,0.283997,0.018426,1.160283,-0.231223,-0.184158,1.096699,-0.056380,1.665082,37.884869,-23.849380,-3.079042,0.584501,1.981307,-0.229020,0.000000,0.000000,0.000000,0.000000,0.000000,0.000000
12581952.000000,-2.291026,-1.662854,1.278122,-1.462167,1.701143,1.344226,-0.586168,0.280062,0.018221,1.151127,-0.229164,-0.185360,1.094315,-0.055707,1.788068,37.809490,-23.996170,-2.956056,0.601896,2.020675,-0.215287,0.000000,0.000000,0.000000,0.000000,0.000000,0.000000
12581953.000000,-2.290745,-1.662835,1.279253,-1.462407,1.700969,1.345355,-0.586221,0.280209,0.018520,1.148424,-0.230463,-0.182765,1.102643,-0.053278,1.911054,37.714275,-23.996170,-2.682314,0.524076,1.995040,-0.254655,0.000000,0.000000,0.000000,0.000000,0.000000,0.000000
12581954.000000,-2.290462,-1.662820,1.280389,-1.462643,1.700799,1.346455,-0.586281,0.280401,0.018223,1.143459,-0.230044,-0.177459,1.099014,-0.053740,1.911054,37.638897,-23.873184,-2.483949,0.470060,1.916305,-0.229020,0.000000,0.000000,0.000000,0.000000,0.000000,0.000000
12581955.000000,-2.290180,-1.662803,1.281530,-1.462892,1.700627,1.347570,-0.586333,0.283409,0.014880,1.142890,-0.233530,-0.170041,1.091610,-0.052242,1.887250,37.567486,-23.678787,-2.114992,0.452665,1.890670,-0.254655,0.000000,0.000000,0.000000,0.000000,0.000000,0.000000
12581956.000000,-2.289898,-1.662786,1.282650,-1.463135,1.700456,1.348681,-0.586389,0.277737,0.014328,1.137993,-0.236599,-0.175447,1.104183,-0.052960,1.934858,37.539715,-23.432816,-1.841249,0.494779,1.897079,-0.229020,0.000000,0.000000,0.000000,0.000000,0.000000,0.000000
12581957.000000,-2.289626,-1.662773,1.283770,-1.463379,1.700285,1.349776,-0.586448,0.274087,0.013450,1.124215,-0.241009,-0.171489,1.105874,-0.057523,1.962629,37.539715,-23.087662,-1.619081,0.554288,1.909896,-0.202470,0.000000,0.000000,0.000000,0.000000,0.000000,0.000000
12581958.000000,-2.289359,-1.662758,1.284896,-1.463607,1.700123,1.350891,-0.586497,0.272581,0.010411,1.125909,-0.234064,-0.170469,1.102604,-0.054195,2.034040,37.515911,-23.016251,-1.670656,0.542386,1.865035,-0.248246,0.000000,0.000000,0.000000,0.000000,0.000000,0.000000
12581959.000000,-2.289102,-1.662742,1.286036,-1.463831,1.699962,1.351994,-0.586550,0.264921,0.012452,1.129583,-0.235455,-0.169433,1.109561,-0.055078,2.283979,37.444500,-22.964676,-1.694460,0.518583,1.767074,-0.215287,0.000000,0.000000,0.000000,0.000000,0.000000,0.000000
12581960.000000,-2.288828,-1.662734,1.287180,-1.464049,1.699795,1.353122,-0.586600,0.262202,0.007952,1.130312,-0.227043,-0.169950,1.104791,-0.053344,2.283979,37.492107,-22.964676,-1.793642,0.530485,1.591293,-0.235429,0.000000,0.000000,0.000000,0.000000,0.000000,0.000000
12581961.000000,-2.288566,-1.662725,1.288300,-1.464271,1.699631,1.354214,-0.586649,0.260919,0.005317,1.124517,-0.223509,-0.163888,1.110499,-0.047659,2.383161,37.515911,-22.917068,-1.916628,0.500272,1.617843,-0.261979,0.000000,0.000000,0.000000,0.000000,0.000000,0.000000
12581962.000000,-2.288302,-1.662712,1.289438,-1.464496,1.699467,1.355325,-0.586701,0.261602,0.009660,1.125841,-0.222551,-0.164039,1.109254,-0.049533,2.406965,37.539715,-22.940872,-1.869020,0.584501,1.695663,-0.241837,0.000000,0.000000,0.000000,0.000000,0.000000,0.000000
12581963.000000,-2.288030,-1.662703,1.290562,-1.464716,1.699309,1.356438,-0.586752,0.264783,0.006076,1.129165,-0.220472,-0.160522,1.104367,-0.046483,2.283979,37.591290,-22.988480,-1.841249,0.589994,1.735030,-0.221696,0.000000,0.000000,0.000000,0.000000,0.000000,0.000000
12581964.000000,-2.287773,-1.662692,1.291690,-1.464940,1.699165,1.357542,-0.586801,0.269102,0.007721,1.124467,-0.219927,-0.155397,1.119802,-0.047083,2.283979,37.591290,-22.964676,-1.793642,0.524076,1.708480,-0.235429,0.000000,0.000000,0.000000,0.000000,0.000000,0.000000
12581965.000000,-2.287500,-1.662686,1.292816,-1.465157,1.699008,1.358669,-0.586850,0.270628,0.005318,1.117218,-0.219326,-0.156046,1.118168,-0.048646,2.160993,37.615093,-22.794083,-1.742067,0.566190,1.546432,-0.235429,0.000000,0.000000,0.000000,0.000000,0.000000,0.000000
12581966.000000,-2.287229,-1.662669,1.293920,-1.465369,1.698866,1.359795,-0.586902,0.270712,0.008990,1.117542,-0.217105,-0.151869,1.107190,-0.050576,2.061811,37.539715,-22.623489,-1.742067,0.488370,1.526290,-0.202470,0.000000,0.000000,0.000000,0.000000,0.000000,0.000000
12581967.000000,-2.286963,-1.662658,1.295034,-1.465574,1.698722,1.360890,-0.586945,0.271699,0.010393,1.112430,-0.213479,-0.145574,1.101745,-0.044498,1.934858,37.515911,-22.448929,-1.718263,0.446256,1.591293,-0.254655,0.000000,0.000000,0.000000,0.000000,0.000000,0.000000
12581968.000000,-2.286691,-1.662642,1.296135,-1.465776,1.698563,1.362002,-0.586995,0.269910,0.011949,1.129010,-0.212851,-0.147872,1.098244,-0.047275,1.740461,37.468304,-22.230728,-1.742067,0.476469,1.689254,-0.229020,0.000000,0.000000,0.000000,0.000000,0.000000,0.000000
12581969.000000,-2.286427,-1.662634,1.297255,-1.465974,1.698408,1.363097,-0.587046,0.271073,0.011534,1.125858,-0.205504,-0.152936,1.095698,-0.048911,1.665082,37.492107,-22.131546,-1.793642,0.488370,1.754256,-0.208878,0.000000,0.000000,0.000000,0.000000,0.000000,0.000000
12581970.000000,-2.286169,-1.662613,1.298399,-1.466175,1.698256,1.364217,-0.587088,0.268397,0.015110,1.125691,-0.202410,-0.154102,1.095920,-0.043233,1.542096,37.345318,-22.425125,-1.742067,0.535978,1.714889,-0.261979,0.000000,0.000000,0.000000,0.000000,0.000000,0.000000
12581971.000000,-2.285907,-1.662597,1.299537,-1.466362,1.698109,1.365339,-0.587140,0.267812,0.016511,1.135986,-0.196089,-0.152736,1.097498,-0.047965,1.466718,37.246136,-22.770279,-1.841249,0.524076,1.689254,-0.196061,0.000000,0.000000,0.000000,0.000000,0.000000,0.000000
12581972.000000,-2.285646,-1.662585,1.300691,-1.466552,1.697967,1.366443,-0.587176,0.268089,0.015026,1.137278,-0.194326,-0.146238,1.104001,-0.041974,1.391340,37.246136,-23.186844,-1.841249,0.488370,1.611434,-0.261979,0.000000,0.000000,0.000000,0.000000,0.000000,0.000000
12581973.000000,-2.285382,-1.662572,1.301850,-1.466737,1.697817,1.367552,-0.587220,0.266152,0.015255,1.142264,-0.190402,-0.144734,1.098568,-0.040538,1.268354,37.198528,-23.603409,-1.940431,0.547880,1.624252,-0.254655,0.000000,0.000000,0.000000,0.000000,0.000000,0.000000
12581974.000000,-2.285122,-1.662570,1.302986,-1.466922,1.697671,1.368640,-0.587275,0.262268,0.010811,1.140229,-0.189584,-0.146713,1.107980,-0.041667,1.244550,37.345318,-23.920792,-1.964235,0.559781,1.800033,-0.182328,0.000000,0.000000,0.000000,0.000000,0.000000,0.000000
12581975.000000,-2.284862,-1.662565,1.304123,-1.467093,1.697533,1.369712,-0.587317,0.262835,0.006447,1.132541,-0.183869,-0.145679,1.089487,-0.039174,1.093793,37.420696,-23.996170,-2.063417,0.506681,1.981307,-0.196061,0.000000,0.000000,0.000000,0.000000,0.000000,0.000000
12581976.000000,-2.284600,-1.662560,1.305241,-1.467260,1.697384,1.370813,-0.587354,0.262247,0.006511,1.128955,-0.175698,-0.142800,1.081614,-0.040015,0.947004,37.492107,-24.043777,-2.190370,0.524076,1.955673,-0.254655,0.000000,0.000000,0.000000,0.000000,0.000000,0.000000
12581977.000000,-2.284354,-1.662559,1.306364,-1.467425,1.697240,1.371898,-0.587401,0.258724,0.002289,1.120973,-0.175433,-0.138904,1.086386,-0.039739,0.947004,37.615093,-23.920792,-2.313356,0.488370,1.930038,-0.229020,0.000000,0.000000,0.000000,0.000000,0.000000,0.000000
12581978.000000,-2.284089,-1.662556,1.307490,-1.467593,1.697095,1.373003,-0.587451,0.260624,0.003540,1.114637,-0.171902,-0.135997,1.085525,-0.043883,0.772443,37.686504,-23.651016,-2.360964,0.458158,1.825668,-0.196061,0.000000,0.000000,0.000000,0.000000,0.000000,0.000000
12581979.000000,-2.283825,-1.662558,1.308596,-1.467759,1.696948,1.374083,-0.587487,0.261411,0.000203,1.116229,-0.169558,-0.141535,1.110059,-0.043201,0.601850,37.809490,-23.357437,-2.384767,0.500272,1.825668,-0.261979,0.000000,0.000000,0.000000,0.000000,0.000000,0.000000
12581980.000000,-2.283572,-1.662557,1.309714,-1.467916,1.696801,1.375176,-0.587535,0.257269,0.001475,1.109487,-0.167101,-0.145103,1.097857,-0.046914,0.502668,37.908672,-23.087662,-2.436342,0.535978,1.838485,-0.221696,0.000000,0.000000,0.000000,0.000000,0.000000,0.000000
12581981.000000,-2.283313,-1.662557,1.310830,-1.468070,1.696657,1.376293,-0.587579,0.254454,-0.000115,1.109247,-0.161415,-0.146413,1.106016,-0.043990,0.375715,37.984051,-23.040054,-2.511720,0.542386,1.721298,-0.215287,0.000000,0.000000,0.000000,0.000000,0.000000,0.000000
12581982.000000,-2.283066,-1.662556,1.311947,-1.468220,1.696527,1.377401,-0.587616,0.258790,0.001792,1.112317,-0.158258,-0.144988,1.113041,-0.040493,0.328107,38.055462,-22.817886,-2.682314,0.476469,1.494247,-0.241837,0.000000,0.000000,0.000000,0.000000,0.000000,0.000000
12581983.000000,-2.282824,-1.662554,1.313081,-1.468364,1.696390,1.378515,-0.587664,0.253943,0.001822,1.116567,-0.152913,-0.140378,1.106406,-0.045311,0.304304,38.055462,-22.893265,-2.856874,0.434354,1.364242,-0.188737,0.000000,0.000000,0.000000,0.000000,0.000000,0.000000
12581984.000000,-2.282583,-1.662556,1.314197,-1.468498,1.696249,1.379626,-0.587697,0.249103,-0.000078,1.117540,-0.146412,-0.138842,1.091314,-0.039998,0.328107,38.130840,-22.865494,-3.126650,0.440763,1.396285,-0.254655,0.000000,0.000000,0.000000,0.000000,0.000000,0.000000
12581985.000000,-2.282341,-1.662555,1.315321,-1.468630,1.696109,1.380703,-0.587739,0.247080,0.000301,1.118549,-0.141164,-0.141348,1.076645,-0.043159,0.304304,38.130840,-22.817886,-3.301210,0.422452,1.572067,-0.254655,0.000000,0.000000,0.000000,0.000000,0.000000,0.000000
12581986.000000,-2.282096,-1.662555,1.316422,-1.468759,1.695965,1.381806,-0.587785,0.243069,0.000465,1.115148,-0.137958,-0.139855,1.071627,-0.043223,0.228925,38.130840,-22.770279,-3.448000,0.452665,1.754256,-0.196061,0.000000,0.000000,0.000000,0.000000,0.000000,0.000000
12581987.000000,-2.281844,-1.662553,1.317537,-1.468884,1.695826,1.382905,-0.587818,0.243702,0.001158,1.115537,-0.134335,-0.142735,1.082341,-0.039201,0.006757,38.103069,-22.694901,-3.646364,0.482877,1.793624,-0.241837,0.000000,0.000000,0.000000,0.000000,0.000000,0.000000
12581988.000000,-2.281602,-1.662551,1.318659,-1.469017,1.695694,1.384029,-0.587860,0.241475,0.001478,1.119270,-0.136303,-0.139929,1.087332,-0.043284,-0.116229,38.079266,-22.647293,-3.646364,0.482877,1.714889,-0.215287,0.000000,0.000000,0.000000,0.000000,0.000000,0.000000
12581989.000000,-2.281344,-1.662541,1.319752,-1.469140,1.695566,1.385153,-0.587893,0.244730,0.004531,1.110537,-0.128026,-0.135790,1.092542,-0.040243,-0.465350,37.932476,-22.524307,-3.769350,0.428861,1.643478,-0.235429,0.000000,0.000000,0.000000,0.000000,0.000000,0.000000
12581990.000000,-2.281099,-1.662536,1.320865,-1.469266,1.695443,1.386257,-0.587934,0.244115,0.004775,1.108943,-0.129153,-0.133694,1.100084,-0.040001,-0.687518,37.861065,-22.500504,-3.697939,0.393156,1.584884,-0.202470,0.000000,0.000000,0.000000,0.000000,0.000000,0.000000
12581991.000000,-2.280850,-1.662539,1.321973,-1.469387,1.695312,1.387362,-0.587963,0.246523,0.002132,1.105184,-0.125389,-0.129286,1.093812,-0.039948,-0.909686,37.908672,-22.302139,-3.697939,0.410551,1.637069,-0.281205,0.000000,0.000000,0.000000,0.000000,0.000000,0.000000
12581992.000000,-2.280598,-1.662537,1.323082,-1.469515,1.695188,1.388459,-0.588006,0.248476,0.001469,1.106857,-0.125439,-0.124584,1.107736,-0.045614,-1.131854,37.908672,-22.401321,-3.570986,0.393156,1.767074,-0.208878,0.000000,0.000000,0.000000,0.000000,0.000000,0.000000
12581993.000000,-2.280359,-1.662537,1.324202,-1.469626,1.695070,1.389552,-0.588043,0.244243,0.001571,1.104176,-0.121014,-0.125289,1.104138,-0.042250,-1.231036,37.884869,-22.500504,-3.622560,0.362943,1.800033,-0.215287,0.000000,0.000000,0.000000,0.000000,0.000000,0.000000
12581994.000000,-2.280123,-1.662530,1.325337,-1.469729,1.694949,1.390653,-0.588078,0.239925,0.002837,1.111693,-0.114186,-0.124906,1.095588,-0.040473,-1.306414,37.809490,-22.940872,-3.820925,0.308927,1.786300,-0.208878,0.000000,0.000000,0.000000,0.000000,0.000000,0.000000
12581995.000000,-2.279893,-1.662531,1.326482,-1.469840,1.694824,1.391758,-0.588115,0.236015,0.001355,1.120506,-0.115223,-0.126618,1.090086,-0.038695,-1.306414,37.833294,-23.381241,-3.892336,0.303434,1.676437,-0.215287,0.000000,0.000000,0.000000,0.000000,0.000000,0.000000
12581996.000000,-2.279663,-1.662528,1.327632,-1.469939,1.694692,1.392850,-0.588144,0.233414,0.002032,1.123399,-0.112114,-0.125955,1.076162,-0.032581,-1.330218,37.785686,-23.849380,-4.019289,0.369352,1.741439,-0.235429,0.000000,0.000000,0.000000,0.000000,0.000000,0.000000
12581997.000000,-2.279433,-1.662538,1.328763,-1.470050,1.694558,1.393917,-0.588180,0.229531,-0.002068,1.125434,-0.110736,-0.130400,1.074021,-0.034262,-1.405596,37.932476,-24.166763,-3.967714,0.452665,1.936446,-0.202470,0.000000,0.000000,0.000000,0.000000,0.000000,0.000000
12581998.000000,-2.279205,-1.662540,1.329914,-1.470151,1.694437,1.395008,-0.588210,0.227012,-0.001927,1.134325,-0.111649,-0.131228,1.070293,-0.033000,-1.480975,37.956280,-24.488113,-3.967714,0.470060,1.995040,-0.235429,0.000000,0.000000,0.000000,0.000000,0.000000,0.000000
12581999.000000,-2.278971,-1.662547,1.331026,-1.470251,1.694313,1.396102,-0.588244,0.221995,-0.003042,1.126083,-0.109058,-0.131698,1.075309,-0.029078,-1.580157,38.031658,-24.464310,-3.967714,0.488370,2.033492,-0.235429,0.000000,0.000000,0.000000,0.000000,0.000000,0.000000
12582000.000000,-2.278735,-1.662556,1.332150,-1.470358,1.694192,1.397192,-0.588278,0.230033,-0.004900,1.122141,-0.106317,-0.125565,1.101566,-0.031772,-1.703143,38.154644,-24.365128,-3.868532,0.458158,1.955673,-0.196061,0.000000,0.000000,0.000000,0.000000,0.000000,0.000000
12582001.000000,-2.278511,-1.662565,1.333278,-1.470452,1.694081,1.398294,-0.588302,0.228135,-0.006140,1.120228,-0.104737,-0.119265,1.111195,-0.026070,-1.826129,38.277630,-24.218338,-3.868532,0.369352,1.871444,-0.248246,0.000000,0.000000,0.000000,0.000000,0.000000,0.000000
12582002.000000,-2.278281,-1.662570,1.334390,-1.470555,1.693963,1.399386,-0.588334,0.227492,-0.005761,1.117239,-0.102012,-0.122107,1.099559,-0.025132,-1.972918,38.349041,-24.095352,-3.797121,0.351041,1.877853,-0.215287,0.000000,0.000000,0.000000,0.000000,0.000000,0.000000
12582003.000000,-2.278061,-1.662586,1.335492,-1.470655,1.693845,1.400456,-0.588365,0.226184,-0.008386,1.105438,-0.102699,-0.124059,1.093365,-0.027008,-2.099871,38.543438,-23.603409,-3.745546,0.332731,1.909896,-0.229020,0.000000,0.000000,0.000000,0.000000,0.000000,0.000000
12582004.000000,-2.277842,-1.662592,1.336620,-1.470759,1.693720,1.401540,-0.588395,0.223699,-0.010498,1.118653,-0.100661,-0.127619,1.078349,-0.028864,-2.171282,38.618816,-23.504227,-3.670168,0.374845,1.988631,-0.229020,0.000000,0.000000,0.000000,0.000000,0.000000,0.000000
12582005.000000,-2.277632,-1.662598,1.337721,-1.470841,1.693596,1.402625,-0.588428,0.216823,-0.008373,1.114011,-0.093037,-0.128316,1.078751,-0.031857,-2.147479,38.666424,-23.357437,-3.844728,0.381254,1.981307,-0.188737,0.000000,0.000000,0.000000,0.000000,0.000000,0.000000
12582006.000000,-2.277425,-1.662599,1.338849,-1.470927,1.693473,1.403739,-0.588454,0.214222,-0.005778,1.113522,-0.090027,-0.124309,1.083274,-0.027066,-2.099871,38.666424,-23.381241,-3.920107,0.374845,1.812850,-0.215287,0.000000,0.000000,0.000000,0.000000,0.000000,0.000000
12582007.000000,-2.277219,-1.662608,1.339957,-1.471003,1.693350,1.404855,-0.588480,0.208483,-0.006319,1.111578,-0.082477,-0.123060,1.082721,-0.028905,-2.024493,38.765606,-23.333633,-4.090700,0.416959,1.649886,-0.215287,0.000000,0.000000,0.000000,0.000000,0.000000,0.000000
12582008.000000,-2.277014,-1.662614,1.341087,-1.471081,1.693234,1.405940,-0.588505,0.206227,-0.005993,1.116115,-0.081023,-0.120553,1.100533,-0.029507,-2.000689,38.837017,-23.480423,-4.213686,0.416959,1.643478,-0.235429,0.000000,0.000000,0.000000,0.000000,0.000000,0.000000
12582009.000000,-2.276807,-1.662620,1.342216,-1.471163,1.693114,1.407029,-0.588536,0.202918,-0.005284,1.114895,-0.079510,-0.120035,1.093588,-0.028207,-2.048296,38.888592,-23.528030,-4.241457,0.458158,1.714889,-0.188737,0.000000,0.000000,0.000000,0.000000,0.000000,0.000000
12582010.000000,-2.276597,-1.662631,1.343321,-1.471245,1.693002,1.408106,-0.588557,0.203804,-0.006462,1.113195,-0.078889,-0.117261,1.095853,-0.027631,-2.099871,39.011578,-23.480423,-4.241457,0.434354,1.779891,-0.241837,0.000000,0.000000,0.000000,0.000000,0.000000,0.000000
12582011.000000,-2.276398,-1.662637,1.344429,-1.471321,1.692890,1.409203,-0.588586,0.204136,-0.006025,1.107669,-0.077782,-0.111179,1.092091,-0.026074,-2.147479,39.082989,-23.381241,-4.265260,0.428861,1.779891,-0.215287,0.000000,0.000000,0.000000,0.000000,0.000000,0.000000
12582012.000000,-2.276188,-1.662638,1.345529,-1.471403,1.692784,1.410305,-0.588612,0.206853,-0.003495,1.105347,-0.080444,-0.109017,1.080919,-0.027634,-2.322039,39.059185,-23.409012,-4.265260,0.362943,1.735030,-0.229020,0.000000,0.000000,0.000000,0.000000,0.000000,0.000000
12582013.000000,-2.275989,-1.662639,1.346629,-1.471476,1.692681,1.411390,-0.588636,0.208813,-0.001799,1.102021,-0.077568,-0.108243,1.080480,-0.029007,-2.397418,39.035381,-23.210648,-4.340639,0.308927,1.735030,-0.235429,0.000000,0.000000,0.000000,0.000000,0.000000,0.000000
12582014.000000,-2.275787,-1.662643,1.347736,-1.471551,1.692569,1.412498,-0.588668,0.204019,-0.001219,1.103075,-0.077969,-0.109839,1.080960,-0.031840,-2.445025,39.035381,-23.040054,-4.312868,0.308927,1.637069,-0.196061,0.000000,0.000000,0.000000,0.000000,0.000000,0.000000
12582015.000000,-2.275584,-1.662646,1.348835,-1.471620,1.692451,1.413580,-0.588687,0.200215,-0.000827,1.098814,-0.073487,-0.113208,1.084256,-0.030430,-2.468829,39.035381,-23.040054,-4.340639,0.369352,1.656295,-0.248246,0.000000,0.000000,0.000000,0.000000,0.000000,0.000000
12582016.000000,-2.275383,-1.662642,1.349953,-1.471694,1.692338,1.414664,-0.588715,0.199357,0.001757,1.097164,-0.072744,-0.113935,1.075928,-0.028184,-2.568011,38.936199,-23.111465,-4.265260,0.386747,1.767074,-0.221696,0.000000,0.000000,0.000000,0.000000,0.000000,0.000000
12582017.000000,-2.275192,-1.662636,1.351076,-1.471761,1.692228,1.415774,-0.588745,0.195844,0.003483,1.133019,-0.070103,-0.113406,1.080917,-0.026337,-2.568011,38.837017,-23.456619,-4.265260,0.386747,1.714889,-0.196061,0.000000,0.000000,0.000000,0.000000,0.000000,0.000000
12582018.000000,-2.275009,-1.662635,1.352214,-1.471822,1.692117,1.416873,-0.588765,0.194811,0.003430,1.133517,-0.068953,-0.113930,1.095168,-0.026481,-2.520403,38.789410,-23.849380,-4.364442,0.422452,1.572067,-0.241837,0.000000,0.000000,0.000000,0.000000,0.000000,0.000000
12582019.000000,-2.274822,-1.662638,1.353366,-1.471879,1.692009,1.417976,-0.588793,0.188544,0.001725,1.134356,-0.065835,-0.113251,1.099534,-0.025447,-2.468829,38.813213,-24.365128,-4.439821,0.410551,1.546432,-0.208878,0.000000,0.000000,0.000000,0.000000,0.000000,0.000000
12582020.000000,-2.274639,-1.662631,1.354494,-1.471943,1.691906,1.419063,-0.588810,0.184719,0.002817,1.141210,-0.062028,-0.112206,1.087365,-0.022129,-2.445025,38.741802,-24.706314,-4.439821,0.381254,1.702071,-0.241837,0.000000,0.000000,0.000000,0.000000,0.000000,0.000000
12582021.000000,-2.274463,-1.662639,1.355636,-1.472006,1.691794,1.420114,-0.588833,0.181531,-0.000352,1.134480,-0.063727,-0.113468,1.068051,-0.021064,-2.397418,38.837017,-25.075272,-4.388246,0.405057,2.027084,-0.241837,0.000000,0.000000,0.000000,0.000000,0.000000,0.000000
12582022.000000,-2.274284,-1.662646,1.356762,-1.472066,1.691689,1.421194,-0.588857,0.180132,-0.002557,1.133600,-0.063940,-0.108009,1.057581,-0.024434,-2.397418,38.936199,-25.099075,-4.364442,0.393156,2.215682,-0.241837,0.000000,0.000000,0.000000,0.000000,0.000000,0.000000
12582023.000000,-2.274102,-1.662645,1.357870,-1.472124,1.691583,1.422273,-0.588879,0.179799,-0.001149,1.128807,-0.059994,-0.107468,1.057820,-0.023120,-2.421221,38.912395,-25.099075,-4.388246,0.362943,2.255050,-0.229020,0.000000,0.000000,0.000000,0.000000,0.000000,0.000000
12582024.000000,-2.273921,-1.662649,1.358983,-1.472185,1.691483,1.423374,-0.588899,0.180723,-0.001324,1.122344,-0.062484,-0.107683,1.065708,-0.021833,-2.492632,38.936199,-24.976089,-4.312868,0.327238,2.202865,-0.221696,0.000000,0.000000,0.000000,0.000000,0.000000,0.000000
12582025.000000,-2.273740,-1.662650,1.360084,-1.472253,1.691379,1.424488,-0.588919,0.180984,-0.000327,1.117248,-0.065611,-0.107866,1.076538,-0.019637,-2.568011,38.912395,-24.781693,-4.166078,0.291532,2.020675,-0.248246,0.000000,0.000000,0.000000,0.000000,0.000000,0.000000
12582026.000000,-2.273566,-1.662653,1.361200,-1.472318,1.691266,1.425579,-0.588942,0.178287,-0.000218,1.112949,-0.067748,-0.110551,1.087090,-0.020036,-2.643389,38.912395,-24.583328,-4.019289,0.320829,1.871444,-0.221696,0.000000,0.000000,0.000000,0.000000,0.000000,0.000000
12582027.000000,-2.273398,-1.662658,1.362309,-1.472387,1.691146,1.426664,-0.588961,0.173672,-0.000703,1.103033,-0.066908,-0.110045,1.086155,-0.018990,-2.619586,38.936199,-24.289749,-3.844728,0.416959,1.884261,-0.229020,0.000000,0.000000,0.000000,0.000000,0.000000,0.000000
12582028.000000,-2.273232,-1.662665,1.363413,-1.472449,1.691030,1.427746,-0.588982,0.169363,-0.001026,1.100448,-0.064309,-0.107616,1.100942,-0.019270,-2.568011,38.960003,-24.190567,-3.745546,0.464567,1.995040,-0.208878,0.000000,0.000000,0.000000,0.000000,0.000000,0.000000
12582029.000000,-2.273083,-1.662671,1.364523,-1.472497,1.690925,1.428821,-0.589001,0.163909,-0.004414,1.097402,-0.061539,-0.102610,1.098916,-0.014387,-2.397418,38.983807,-24.019974,-3.820925,0.422452,2.020675,-0.208878,0.000000,0.000000,0.000000,0.000000,0.000000,0.000000
12582030.000000,-2.272933,-1.662674,1.365633,-1.472540,1.690819,1.429916,-0.589012,0.156563,-0.003207,1.104447,-0.055544,-0.104608,1.083492,-0.013317,-2.222857,38.983807,-24.142960,-3.943910,0.410551,1.955673,-0.254655,0.000000,0.000000,0.000000,0.000000,0.000000,0.000000
12582031.000000,-2.272791,-1.662679,1.366755,-1.472584,1.690724,1.431005,-0.589035,0.153575,-0.002337,1.110398,-0.051508,-0.103114,1.087010,-0.016843,-2.048296,38.983807,-24.190567,-4.066896,0.308927,1.825668,-0.188737,0.000000,0.000000,0.000000,0.000000,0.000000,0.000000
12582032.000000,-2.272648,-1.662682,1.367878,-1.472631,1.690622,1.432102,-0.589044,0.149504,-0.003862,1.110254,-0.047183,-0.100164,1.082233,-0.015046,-1.873736,38.936199,-24.218338,-4.118471,0.279630,1.800033,-0.235429,0.000000,0.000000,0.000000,0.000000,0.000000,0.000000
12582033.000000,-2.272499,-1.662687,1.368982,-1.472686,1.690510,1.433178,-0.589057,0.148980,-0.002402,1.109757,-0.051186,-0.101113,1.081845,-0.010868,-1.802325,38.912395,-24.341324,-3.991518,0.339139,1.897079,-0.248246,0.000000,0.000000,0.000000,0.000000,0.000000,0.000000
12582034.000000,-2.272351,-1.662689,1.370091,-1.472736,1.690404,1.434273,-0.589075,0.147149,-0.001332,1.109220,-0.050017,-0.105361,1.078839,-0.012495,-1.802325,38.888592,-24.313553,-3.892336,0.374845,1.916305,-0.248246,0.000000,0.000000,0.000000,0.000000,0.000000,0.000000
12582035.000000,-2.272200,-1.662698,1.371177,-1.472788,1.690294,1.435377,-0.589097,0.148772,-0.002218,1.104600,-0.050107,-0.104153,1.082093,-0.011627,-1.826129,38.936199,-24.119156,-3.745546,0.422452,1.884261,-0.188737,0.000000,0.000000,0.000000,0.000000,0.000000,0.000000
12582036.000000,-2.272053,-1.662698,1.372276,-1.472830,1.690191,1.436473,-0.589105,0.147096,-0.001822,1.102656,-0.046525,-0.110640,1.090867,-0.011642,-1.849932,38.813213,-23.972366,-3.745546,0.434354,1.741439,-0.221696,0.000000,0.000000,0.000000,0.000000,0.000000,0.000000
12582037.000000,-2.271916,-1.662696,1.373372,-1.472871,1.690088,1.437580,-0.589116,0.144203,-0.001876,1.095052,-0.044678,-0.109701,1.094256,-0.007004,-1.802325,38.690228,-23.750198,-3.721742,0.393156,1.624252,-0.268388,0.000000,0.000000,0.000000,0.000000,0.000000,0.000000
12582038.000000,-2.271781,-1.662692,1.374457,-1.472910,1.689978,1.438679,-0.589141,0.141270,0.000988,1.092249,-0.045698,-0.106141,1.086348,-0.008586,-1.726946,38.571209,-23.603409,-3.721742,0.398649,1.670028,-0.182328,0.000000,0.000000,0.000000,0.000000,0.000000,0.000000
12582039.000000,-2.271648,-1.662698,1.375552,-1.472945,1.689875,1.439752,-0.589156,0.142220,-0.002928,1.085886,-0.043036,-0.103067,1.075744,-0.010869,-1.651568,38.571209,-23.480423,-3.745546,0.393156,1.760665,-0.175919,0.000000,0.000000,0.000000,0.000000,0.000000,0.000000
12582040.000000,-2.271521,-1.662704,1.376664,-1.472987,1.689766,1.440839,-0.589165,0.135929,-0.003080,1.098012,-0.043919,-0.106731,1.063104,-0.010373,-1.552386,38.595013,-23.579605,-3.646364,0.428861,1.903487,-0.229020,0.000000,0.000000,0.000000,0.000000,0.000000,0.000000
12582041.000000,-2.271395,-1.662703,1.377779,-1.473026,1.689665,1.441921,-0.589179,0.131443,-0.005217,1.105438,-0.043172,-0.103176,1.065079,-0.017506,-1.453204,38.571209,-23.920792,-3.598757,0.416959,1.968490,-0.202470,0.000000,0.000000,0.000000,0.000000,0.000000,0.000000
12582042.000000,-2.271277,-1.662697,1.378907,-1.473060,1.689574,1.443029,-0.589188,0.127332,-0.001197,1.109411,-0.039685,-0.094114,1.066365,-0.015823,-1.306414,38.448223,-24.313553,-3.547182,0.362943,1.909896,-0.241837,0.000000,0.000000,0.000000,0.000000,0.000000,0.000000
12582043.000000,-2.271160,-1.662696,1.380025,-1.473097,1.689482,1.444145,-0.589207,0.124296,-0.001245,1.113163,-0.037342,-0.092456,1.073813,-0.018970,-1.183428,38.448223,-24.805496,-3.475771,0.315336,1.793624,-0.169511,0.000000,0.000000,0.000000,0.000000,0.000000,0.000000
12582044.000000,-2.271048,-1.662702,1.381153,-1.473126,1.689381,1.445228,-0.589210,0.118694,-0.003392,1.115659,-0.037523,-0.094531,1.074996,-0.015164,-1.032672,38.543438,-25.150650,-3.448000,0.356534,1.793624,-0.254655,0.000000,0.000000,0.000000,0.000000,0.000000,0.000000
12582045.000000,-2.270930,-1.662706,1.382276,-1.473160,1.689280,1.446313,-0.589226,0.118258,-0.003719,1.114621,-0.036528,-0.096570,1.080578,-0.012007,-0.909686,38.595013,-25.273636,-3.348818,0.410551,1.858627,-0.241837,0.000000,0.000000,0.000000,0.000000,0.000000,0.000000
12582046.000000,-2.270811,-1.662709,1.383372,-1.473189,1.689181,1.447370,-0.589243,0.117161,-0.003782,1.106732,-0.031172,-0.096858,1.100567,-0.015333,-0.885882,38.642620,-25.222061,-3.301210,0.434354,2.039901,-0.188737,0.000000,0.000000,0.000000,0.000000,0.000000,0.000000
12582047.000000,-2.270694,-1.662716,1.384488,-1.473219,1.689086,1.448452,-0.589250,0.120101,-0.004983,1.101954,-0.029092,-0.101560,1.098596,-0.013676,-0.885882,38.741802,-25.249832,-3.178224,0.458158,2.092086,-0.241837,0.000000,0.000000,0.000000,0.000000,0.000000,0.000000
12582048.000000,-2.270583,-1.662722,1.385566,-1.473246,1.688990,1.449554,-0.589264,0.119789,-0.004541,1.101113,-0.026269,-0.095269,1.088386,-0.015589,-0.810504,38.789410,-24.928482,-3.102846,0.470060,1.936446,-0.215287,0.000000,0.000000,0.000000,0.000000,0.000000,0.000000
12582049.000000,-2.270466,-1.662731,1.386663,-1.473275,1.688891,1.450630,-0.589271,0.120095,-0.005984,1.094009,-0.025285,-0.095908,1.083904,-0.014910,-0.909686,38.912395,-24.682510,-2.979860,0.494779,1.865035,-0.241837,0.000000,0.000000,0.000000,0.000000,0.000000,0.000000
12582050.000000,-2.270356,-1.662735,1.387764,-1.473304,1.688795,1.451727,-0.589285,0.115211,-0.004606,1.090069,-0.024019,-0.099120,1.076571,-0.012705,-0.909686,38.936199,-24.412735,-2.880678,0.470060,1.786300,-0.202470,0.000000,0.000000,0.000000,0.000000,0.000000,0.000000
12582051.000000,-2.270249,-1.662738,1.388860,-1.473334,1.688701,1.452812,-0.589293,0.114141,-0.003672,1.095156,-0.024664,-0.100576,1.074518,-0.007992,-0.885882,38.960003,-24.365128,-2.706117,0.416959,1.838485,-0.241837,0.000000,0.000000,0.000000,0.000000,0.000000,0.000000
12582052.000000,-2.270151,-1.662739,1.389954,-1.473349,1.688604,1.453890,-0.589302,0.110929,-0.003038,1.093455,-0.019744,-0.099177,1.073415,-0.006301,-0.762896,38.983807,-24.166763,-2.757692,0.416959,1.851302,-0.235429,0.000000,0.000000,0.000000,0.000000,0.000000,0.000000
12582053.000000,-2.270056,-1.662745,1.391034,-1.473367,1.688504,1.454997,-0.589311,0.105720,-0.003814,1.109823,-0.018035,-0.098992,1.082322,-0.004989,-0.635943,39.059185,-23.972366,-2.733888,0.446256,1.682845,-0.229020,0.000000,0.000000,0.000000,0.000000,0.000000,0.000000
12582054.000000,-2.269964,-1.662744,1.392154,-1.473372,1.688409,1.456108,-0.589321,0.101972,-0.004475,1.111274,-0.012389,-0.098055,1.101661,-0.004011,-0.512957,39.011578,-24.166763,-2.904482,0.470060,1.565658,-0.221696,0.000000,0.000000,0.000000,0.000000,0.000000,0.000000
12582055.000000,-2.269879,-1.662740,1.393268,-1.473375,1.688320,1.457194,-0.589332,0.098609,-0.003535,1.108932,-0.009724,-0.095036,1.099818,-0.003222,-0.366168,38.888592,-24.289749,-3.027467,0.416959,1.532699,-0.215287,0.000000,0.000000,0.000000,0.000000,0.000000,0.000000
12582056.000000,-2.269783,-1.662742,1.394361,-1.473376,1.688225,1.458295,-0.589338,0.098779,-0.005829,1.107970,-0.005303,-0.094385,1.100014,-0.005708,-0.342364,38.888592,-24.313553,-3.126650,0.405057,1.513473,-0.241837,0.000000,0.000000,0.000000,0.000000,0.000000,0.000000
12582057.000000,-2.269693,-1.662751,1.395456,-1.473381,1.688122,1.459370,-0.589353,0.096530,-0.006712,1.102189,-0.004390,-0.098259,1.089013,-0.010430,-0.342364,38.983807,-24.242142,-3.126650,0.506681,1.637069,-0.196061,0.000000,0.000000,0.000000,0.000000,0.000000,0.000000
12582058.000000,-2.269603,-1.662758,1.396546,-1.473386,1.688028,1.460449,-0.589358,0.094712,-0.006129,1.103344,-0.004125,-0.096590,1.067136,-0.010588,-0.342364,39.035381,-24.071548,-3.102846,0.494779,1.865035,-0.235429,0.000000,0.000000,0.000000,0.000000,0.000000,0.000000
12582059.000000,-2.269506,-1.662755,1.397627,-1.473382,1.687944,1.461531,-0.589364,0.092293,-0.002660,1.096353,-0.002025,-0.093085,1.071340,-0.007994,-0.441546,38.960003,-23.972366,-3.154421,0.422452,1.988631,-0.235429,0.000000,0.000000,0.000000,0.000000,0.000000,0.000000
12582060.000000,-2.269416,-1.662755,1.398716,-1.473380,1.687856,1.462646,-0.589374,0.092313,-0.000912,1.096735,-0.001154,-0.091157,1.073289,-0.006540,-0.489153,38.912395,-23.849380,-3.178224,0.356534,1.890670,-0.221696,0.000000,0.000000,0.000000,0.000000,0.000000,0.000000
12582061.000000,-2.269320,-1.662753,1.399783,-1.473379,1.687771,1.463783,-0.589381,0.093253,-0.002738,1.089444,-0.001597,-0.090871,1.089843,-0.008212,-0.588336,38.864788,-23.678787,-3.154421,0.327238,1.617843,-0.248246,0.000000,0.000000,0.000000,0.000000,0.000000,0.000000
12582062.000000,-2.269223,-1.662747,1.400873,-1.473376,1.687678,1.464876,-0.589397,0.092481,0.000655,1.083189,-0.002474,-0.092959,1.094466,-0.008432,-0.762896,38.741802,-23.603409,-3.102846,0.351041,1.539108,-0.188737,0.000000,0.000000,0.000000,0.000000,0.000000,0.000000
12582063.000000,-2.269129,-1.662737,1.401976,-1.473371,1.687583,1.465959,-0.589396,0.094301,0.003573,1.085225,0.000926,-0.093452,1.089262,-0.003745,-0.909686,38.595013,-23.678787,-3.079042,0.356534,1.714889,-0.254655,0.000000,0.000000,0.000000,0.000000,0.000000,0.000000
12582064.000000,-2.269036,-1.662738,1.403064,-1.473364,1.687486,1.467049,-0.589405,0.094389,0.002159,1.085950,0.000220,-0.095347,1.104913,-0.004142,-1.008868,38.595013,-23.825577,-3.055238,0.398649,1.858627,-0.221696,0.000000,0.000000,0.000000,0.000000,0.000000,0.000000
12582065.000000,-2.268955,-1.662730,1.404182,-1.473349,1.687382,1.468140,-0.589411,0.092276,0.003035,1.095548,0.004545,-0.093322,1.109253,-0.007837,-1.008868,38.519634,-24.190567,-3.102846,0.482877,1.832076,-0.208878,0.000000,0.000000,0.000000,0.000000,0.000000,0.000000
12582066.000000,-2.268870,-1.662726,1.405301,-1.473324,1.687295,1.469225,-0.589417,0.091204,0.003012,1.108401,0.009862,-0.091647,1.093561,-0.006058,-1.032672,38.472027,-24.757889,-3.249635,0.440763,1.884261,-0.202470,0.000000,0.000000,0.000000,0.000000,0.000000,0.000000
12582067.000000,-2.268788,-1.662718,1.406431,-1.473298,1.687214,1.470300,-0.589418,0.087600,0.004791,1.112697,0.016958,-0.083617,1.084856,-0.003264,-1.084246,38.349041,-25.249832,-3.400392,0.339139,1.903487,-0.235429,0.000000,0.000000,0.000000,0.000000,0.000000,0.000000
12582068.000000,-2.268707,-1.662718,1.407564,-1.473277,1.687124,1.471386,-0.589422,0.085403,0.003123,1.112777,0.017155,-0.086482,1.073592,-0.003494,-1.131854,38.349041,-25.666397,-3.475771,0.332731,1.974899,-0.208878,0.000000,0.000000,0.000000,0.000000,0.000000,0.000000
12582069.000000,-2.268623,-1.662723,1.408660,-1.473261,1.687032,1.472467,-0.589429,0.084154,0.000266,1.111401,0.017442,-0.090111,1.072258,-0.003564,-1.207232,38.424419,-25.737808,-3.424196,0.369352,2.053634,-0.182328,0.000000,0.000000,0.000000,0.000000,0.000000,0.000000
12582070.000000,-2.268532,-1.662723,1.409761,-1.473248,1.686939,1.473522,-0.589424,0.083711,0.000138,1.103310,0.016181,-0.092190,1.065843,-0.000360,-1.429400,38.424419,-25.714005,-3.301210,0.393156,2.215682,-0.241837,0.000000,0.000000,0.000000,0.000000,0.000000,0.000000
12582071.000000,-2.268445,-1.662728,1.410846,-1.473230,1.686850,1.474593,-0.589425,0.084278,-0.001608,1.122304,0.016117,-0.093034,1.059880,-0.001840,-1.580157,38.495831,-25.591019,-3.202028,0.410551,2.261459,-0.202470,0.000000,0.000000,0.000000,0.000000,0.000000,0.000000
12582072.000000,-2.268360,-1.662738,1.411944,-1.473216,1.686761,1.475707,-0.589424,0.084136,-0.004528,1.117292,0.015117,-0.092339,1.093876,-0.001332,-1.703143,38.642620,-25.444229,-3.055238,0.398649,2.027084,-0.202470,0.000000,0.000000,0.000000,0.000000,0.000000,0.000000
12582073.000000,-2.268283,-1.662745,1.413042,-1.473183,1.686674,1.476803,-0.589423,0.082892,-0.005356,1.104426,0.022973,-0.092509,1.104653,-0.000493,-1.778521,38.741802,-25.198257,-3.126650,0.393156,1.747848,-0.215287,0.000000,0.000000,0.000000,0.000000,0.000000,0.000000
12582074.000000,-2.268204,-1.662752,1.414118,-1.473158,1.686584,1.477879,-0.589428,0.078811,-0.005810,1.094982,0.022430,-0.088351,1.090513,-0.002321,-1.849932,38.837017,-24.857071,-3.079042,0.393156,1.760665,-0.163102,0.000000,0.000000,0.000000,0.000000,0.000000,0.000000
12582075.000000,-2.268136,-1.662764,1.415214,-1.473123,1.686493,1.478931,-0.589421,0.073124,-0.007317,1.091324,0.026745,-0.091116,1.075704,0.000849,-1.802325,38.983807,-24.682510,-3.102846,0.428861,1.916305,-0.229020,0.000000,0.000000,0.000000,0.000000,0.000000,0.000000
12582076.000000,-2.268071,-1.662780,1.416307,-1.473089,1.686402,1.480006,-0.589426,0.068483,-0.010082,1.084784,0.029633,-0.091992,1.062117,-0.001197,-1.726946,39.205975,-24.488113,-3.102846,0.434354,2.060043,-0.182328,0.000000,0.000000,0.000000,0.000000,0.000000,0.000000
12582077.000000,-2.268015,-1.662782,1.417386,-1.473047,1.686312,1.481094,-0.589428,0.065959,-0.007283,1.085039,0.036436,-0.091312,1.069435,-0.001298,-1.552386,39.229778,-24.313553,-3.178224,0.405057,1.981307,-0.169511,0.000000,0.000000,0.000000,0.000000,0.000000,0.000000
12582078.000000,-2.267955,-1.662788,1.418490,-1.473007,1.686223,1.482207,-0.589421,0.064422,-0.006623,1.091627,0.037155,-0.086633,1.074474,0.001320,-1.504779,39.305157,-24.412735,-3.202028,0.381254,1.793624,-0.229020,0.000000,0.000000,0.000000,0.000000,0.000000,0.000000
12582079.000000,-2.267899,-1.662788,1.419580,-1.472957,1.686140,1.483314,-0.589424,0.062388,-0.006386,1.090763,0.038923,-0.085451,1.077985,-0.000117,-1.429400,39.253582,-24.535721,-3.277406,0.303434,1.695663,-0.202470,0.000000,0.000000,0.000000,0.000000,0.000000,0.000000
12582080.000000,-2.267840,-1.662794,1.420681,-1.472918,1.686049,1.484389,-0.589424,0.062498,-0.005174,1.091231,0.039880,-0.089158,1.077101,-0.000089,-1.429400,39.281353,-24.611099,-3.202028,0.332731,1.689254,-0.202470,0.000000,0.000000,0.000000,0.000000,0.000000,0.000000
12582081.000000,-2.267782,-1.662802,1.421777,-1.472867,1.685952,1.485485,-0.589431,0.059523,-0.008462,1.088788,0.046186,-0.093538,1.083938,-0.002509,-1.429400,39.352764,-24.611099,-3.225832,0.416959,1.689254,-0.136552,0.000000,0.000000,0.000000,0.000000,0.000000,0.000000
12582082.000000,-2.267719,-1.662807,1.422845,-1.472822,1.685862,1.486558,-0.589422,0.059227,-0.006610,1.083793,0.044563,-0.090290,1.085653,0.000526,-1.504779,39.376568,-24.464310,-3.126650,0.452665,1.735030,-0.196061,0.000000,0.000000,0.000000,0.000000,0.000000,0.000000
12582083.000000,-2.267663,-1.662814,1.423931,-1.472771,1.685773,1.487633,-0.589429,0.057927,-0.008435,1.081919,0.048032,-0.091986,1.079056,-0.001383,-1.552386,39.400372,-24.341324,-3.079042,0.476469,1.858627,-0.149369,0.000000,0.000000,0.000000,0.000000,0.000000,0.000000
12582084.000000,-2.267605,-1.662810,1.424999,-1.472714,1.685689,1.488728,-0.589422,0.057068,-0.005698,1.099609,0.051377,-0.085386,1.067147,0.000532,-1.603961,39.253582,-24.218338,-3.055238,0.422452,1.851302,-0.188737,0.000000,0.000000,0.000000,0.000000,0.000000,0.000000
12582085.000000,-2.267555,-1.662812,1.426068,-1.472648,1.685606,1.489824,-0.589423,0.057914,-0.003864,1.086622,0.056755,-0.086333,1.075941,-0.000122,-1.603961,39.229778,-23.948563,-3.154421,0.386747,1.682845,-0.175919,0.000000,0.000000,0.000000,0.000000,0.000000,0.000000
12582086.000000,-2.267496,-1.662810,1.427160,-1.472590,1.685515,1.490932,-0.589425,0.056116,0.000391,1.083142,0.056427,-0.089667,1.073767,-0.000829,-1.750750,39.082989,-23.873184,-3.079042,0.422452,1.559249,-0.155778,0.000000,0.000000,0.000000,0.000000,0.000000,0.000000
12582087.000000,-2.267446,-1.662810,1.428238,-1.472532,1.685434,1.492021,-0.589422,0.052473,-0.000834,1.085614,0.056328,-0.089059,1.074367,0.000192,-1.802325,38.983807,-23.948563,-3.003664,0.374845,1.662704,-0.175919,0.000000,0.000000,0.000000,0.000000,0.000000,0.000000
12582088.000000,-2.267405,-1.662806,1.429344,-1.472469,1.685350,1.493088,-0.589428,0.050470,-0.000813,1.094331,0.056498,-0.085125,1.083532,-0.001840,-1.750750,38.837017,-24.218338,-2.928285,0.356534,1.800033,-0.122819,0.000000,0.000000,0.000000,0.000000,0.000000,0.000000
12582089.000000,-2.267358,-1.662808,1.430440,-1.472400,1.685258,1.494188,-0.589424,0.047707,-0.000638,1.095335,0.061515,-0.089323,1.086256,0.000265,-1.778521,38.813213,-24.511917,-2.928285,0.410551,1.735030,-0.163102,0.000000,0.000000,0.000000,0.000000,0.000000,0.000000
12582090.000000,-2.267328,-1.662809,1.431558,-1.472324,1.685173,1.495298,-0.589424,0.041163,-0.002878,1.102259,0.066374,-0.085129,1.112552,-0.001045,-1.603961,38.765606,-24.976089,-2.979860,0.393156,1.637069,-0.130143,0.000000,0.000000,0.000000,0.000000,0.000000,0.000000
12582091.000000,-2.267291,-1.662799,1.432674,-1.472249,1.685086,1.496371,-0.589422,0.042306,0.000334,1.100929,0.069255,-0.086455,1.102535,-0.000222,-1.552386,38.642620,-25.368851,-3.003664,0.369352,1.662704,-0.142960,0.000000,0.000000,0.000000,0.000000,0.000000,0.000000
12582092.000000,-2.267258,-1.662800,1.433779,-1.472172,1.684993,1.497447,-0.589425,0.040190,-0.000802,1.086555,0.068039,-0.084601,1.088826,-0.001369,-1.504779,38.666424,-25.714005,-3.027467,0.393156,1.819259,-0.110001,0.000000,0.000000,0.000000,0.000000,0.000000,0.000000
12582093.000000,-2.267224,-1.662807,1.434874,-1.472094,1.684896,1.498530,-0.589408,0.036171,-0.003205,1.085723,0.072473,-0.090145,1.082943,0.003732,-1.480975,38.765606,-25.690201,-3.027467,0.482877,1.793624,-0.235429,0.000000,0.000000,0.000000,0.000000,0.000000,0.000000
12582094.000000,-2.267186,-1.662816,1.435955,-1.472019,1.684686,1.499517,-0.589422,0.036013,-0.005277,1.083942,0.074564,-0.129716,1.036753,-0.002632,-1.580157,38.888592,-25.368851,-2.956056,1.533903,2.794296,-0.097184,0.000000,0.000000,0.000000,0.000000,0.000000,0.000000
12582095.000000,-2.267149,-1.662845,1.436941,-1.471944,1.684484,1.500399,-0.589440,0.037976,-0.013459,1.048935,0.075155,-0.153470,0.980766,-0.009079,-1.651568,39.305157,-23.896988,-2.833071,2.382596,4.537459,0.100570,0.000000,0.000000,0.000000,0.000000,0.000000,0.000000
12582096.000000,-2.267113,-1.662923,1.437878,-1.471841,1.684259,1.501366,-0.589413,0.037383,-0.036832,1.008997,0.084483,-0.175390,0.963682,0.002729,-1.778521,40.356487,-21.714981,-3.079042,3.249601,5.272628,-0.136552,0.000000,0.000000,0.000000,0.000000,0.000000,0.000000
12582097.000000,-2.267100,-1.662998,1.438820,-1.471746,1.684040,1.502587,-0.589382,0.028660,-0.050458,0.986441,0.086607,-0.186708,1.051007,0.011823,-1.552386,41.312603,-19.969376,-3.154421,3.763212,3.470870,-0.406632,0.000000,0.000000,0.000000,0.000000,0.000000,0.000000
12582098.000000,-2.267065,-1.663024,1.439791,-1.471689,1.683906,1.503734,-0.589366,0.028432,-0.043807,0.977310,0.078107,-0.164809,1.092153,0.011306,-1.703143,41.459393,-18.672073,-2.658510,3.309110,2.137862,-0.499100,0.000000,0.000000,0.000000,0.000000,0.000000,0.000000
12582099.000000,-2.266987,-1.663056,1.440712,-1.471684,1.683785,1.504632,-0.589379,0.042912,-0.040505,0.957908,0.051285,-0.142704,1.022436,-0.001007,-2.492632,41.629986,-16.950272,-1.373109,2.609647,3.353683,-0.268388,0.000000,0.000000,0.000000,0.000000,0.000000,0.000000
12582100.000000,-2.266922,-1.663170,1.441506,-1.471686,1.683550,1.505537,-0.589304,0.047176,-0.065282,0.903373,0.030685,-0.171120,0.965566,0.025312,-3.063921,42.951092,-13.907364,-0.111513,2.920927,4.543868,-0.855241,0.000000,0.000000,0.000000,0.000000,0.000000,0.000000
12582101.000000,-2.266883,-1.663315,1.442194,-1.471664,1.683351,1.506651,-0.589295,0.044162,-0.094001,0.825206,0.025845,-0.171626,1.023646,0.019100,-3.262286,44.641155,-9.563187,0.630369,2.956632,3.588058,-0.789323,0.000000,0.000000,0.000000,0.000000,0.000000,0.000000
12582102.000000,-2.266847,-1.663415,1.442867,-1.471624,1.683213,1.507786,-0.589294,0.040415,-0.095027,0.788638,0.031961,-0.155268,1.049724,0.011823,-3.385272,45.545696,-5.734756,0.951720,2.550138,2.632247,-0.630936,0.000000,0.000000,0.000000,0.000000,0.000000,0.000000
12582103.000000,-2.266796,-1.663424,1.443591,-1.471574,1.683089,1.508827,-0.589245,0.043871,-0.067290,0.759623,0.038379,-0.143591,1.057073,0.022243,-3.758196,45.081524,-2.985428,1.023131,2.138151,2.540694,-0.881791,0.000000,0.000000,0.000000,0.000000,0.000000,0.000000
12582104.000000,-2.266738,-1.663428,1.444229,-1.471553,1.682993,1.509948,-0.589235,0.048217,-0.044726,0.716243,0.034034,-0.125169,1.077581,0.019739,-4.226336,44.442791,0.426437,1.443663,1.665739,2.014266,-0.756364,0.000000,0.000000,0.000000,0.000000,0.000000,0.000000
12582105.000000,-2.266659,-1.663443,1.444737,-1.471534,1.682770,1.511165,-0.589188,0.057736,-0.031433,0.647396,0.027455,-0.155719,1.118946,0.030989,-4.968218,43.978619,4.965012,1.864195,2.502531,0.804855,-0.966935,0.000000,0.000000,0.000000,0.000000,0.000000,0.000000
12582106.000000,-2.266570,-1.663449,1.445139,-1.471540,1.682585,1.512382,-0.589183,0.070731,-0.024279,0.560096,0.015752,-0.166798,1.167245,0.020368,-5.860857,43.466839,10.487473,2.582274,3.112272,-0.196732,-0.795731,0.000000,0.000000,0.000000,0.000000,0.000000,0.000000
12582107.000000,-2.266477,-1.663383,1.445565,-1.471559,1.682456,1.513556,-0.589185,0.079913,0.008777,0.511488,0.004573,-0.159189,1.155088,0.010077,-6.753497,41.994976,15.053818,3.423338,3.207487,-0.372514,-0.538468,0.000000,0.000000,0.000000,0.000000,0.000000,0.000000
12582108.000000,-2.266358,-1.663237,1.446002,-1.471569,1.682378,1.514726,-0.589150,0.096188,0.057638,0.491147,-0.001725,-0.129544,1.162605,0.015780,-7.939715,39.523357,18.537094,4.066039,2.771696,-0.190324,-0.624528,0.000000,0.000000,0.000000,0.000000,0.000000,0.000000
12582109.000000,-2.266253,-1.663032,1.446402,-1.471587,1.682301,1.515980,-0.589145,0.101722,0.108590,0.459983,-0.007513,-0.113001,1.185360,0.009902,-8.879962,36.416973,22.048141,4.756346,2.430204,-0.801896,-0.452409,0.000000,0.000000,0.000000,0.000000,0.000000,0.000000
12582110.000000,-2.266135,-1.662780,1.446726,-1.471581,1.682166,1.517344,-0.589153,0.107664,0.158059,0.419790,-0.001958,-0.118047,1.226009,0.002629,-9.919391,32.937664,25.999557,5.030089,2.670072,-2.095536,-0.188737,0.000000,0.000000,0.000000,0.000000,0.000000,0.000000
12582111.000000,-2.266014,-1.662486,1.447033,-1.471577,1.681995,1.518690,-0.589151,0.114463,0.203349,0.383088,-0.001048,-0.135695,1.258465,-0.000404,-10.935016,29.244122,29.705002,5.276061,3.302701,-3.136491,-0.089860,0.000000,0.000000,0.000000,0.000000,0.000000,0.000000
12582112.000000,-2.265906,-1.662123,1.447398,-1.471576,1.681847,1.519986,-0.589144,0.110618,0.258958,0.378732,0.001780,-0.142987,1.251695,-0.000598,-11.704669,24.911846,32.208359,5.549803,3.703702,-3.220719,-0.050492,0.000000,0.000000,0.000000,0.000000,0.000000,0.000000
12582113.000000,-2.265779,-1.661690,1.447804,-1.471576,1.681742,1.521252,-0.589146,0.112679,0.320074,0.391319,0.003427,-0.129803,1.243720,-0.002468,-12.668719,20.016216,33.731796,5.819579,3.619474,-3.019303,0.028243,0.000000,0.000000,0.000000,0.000000,0.000000,0.000000
12582114.000000,-2.265663,-1.661209,1.448202,-1.471572,1.681636,1.522594,-0.589159,0.113031,0.377231,0.395575,0.002551,-0.120076,1.265970,-0.005893,-13.434405,15.045208,35.128281,6.041747,3.505949,-3.266495,0.160079,0.000000,0.000000,0.000000,0.000000,0.000000,0.000000
12582115.000000,-2.265545,-1.660691,1.448620,-1.471579,1.681550,1.524003,-0.589159,0.112041,0.424937,0.411760,0.000685,-0.111253,1.307514,-0.003689,-14.152484,10.201153,36.183578,6.438475,3.207487,-4.092301,0.166488,0.000000,0.000000,0.000000,0.000000,0.000000,0.000000
12582116.000000,-2.265429,-1.660137,1.449108,-1.471573,1.681489,1.525366,-0.589163,0.113778,0.472157,0.439768,0.003492,-0.090291,1.331184,-0.003594,-14.846759,5.376934,36.330368,6.660643,2.741483,-4.612321,0.206771,0.000000,0.000000,0.000000,0.000000,0.000000,0.000000
12582117.000000,-2.265324,-1.659514,1.449640,-1.471569,1.681470,1.526643,-0.589170,0.111914,0.524246,0.472008,0.003710,-0.060783,1.307575,-0.004570,-15.366473,0.310711,35.965378,6.958189,1.994413,-4.195756,0.272689,0.000000,0.000000,0.000000,0.000000,0.000000,0.000000
12582118.000000,-2.265219,-1.658846,1.450184,-1.471549,1.681451,1.527903,-0.589175,0.110191,0.569502,0.502333,0.011477,-0.042448,1.273540,-0.004541,-15.862384,-4.660297,35.644028,7.057372,1.432279,-3.629960,0.318465,0.000000,0.000000,0.000000,0.000000,0.000000,0.000000
12582119.000000,-2.265128,-1.658172,1.450762,-1.471513,1.681386,1.529171,-0.589185,0.104691,0.604439,0.527991,0.021673,-0.050692,1.271735,-0.005081,-16.159929,-9.258381,35.302841,6.958189,1.450590,-3.623551,0.377975,0.000000,0.000000,0.000000,0.000000,0.000000,0.000000
12582120.000000,-2.265047,-1.657470,1.451374,-1.471459,1.681311,1.530424,-0.589190,0.097240,0.634303,0.567560,0.036003,-0.064341,1.251859,-0.004495,-16.282915,-13.543049,34.711716,6.684447,1.713346,-3.474320,0.410934,0.000000,0.000000,0.000000,0.000000,0.000000,0.000000
12582121.000000,-2.264974,-1.656735,1.452043,-1.471396,1.681276,1.531585,-0.589186,0.086677,0.667881,0.607785,0.044518,-0.059889,1.225390,-0.001454,-16.306719,-17.926899,33.902390,6.339293,1.630033,-2.895707,0.371566,0.000000,0.000000,0.000000,0.000000,0.000000,0.000000
12582122.000000,-2.264906,-1.655976,1.452761,-1.471324,1.681251,1.532742,-0.589181,0.079719,0.691292,0.643889,0.055914,-0.049838,1.187948,-0.000397,-16.330523,-22.013203,32.870895,6.017943,1.486295,-2.382096,0.357833,0.000000,0.000000,0.000000,0.000000,0.000000,0.000000
12582123.000000,-2.264863,-1.655222,1.453478,-1.471242,1.681227,1.533934,-0.589182,0.067981,0.704069,0.665458,0.063472,-0.040461,1.185322,-0.000963,-16.060747,-25.536152,32.061569,5.720397,1.414884,-2.453507,0.377975,0.000000,0.000000,0.000000,0.000000,0.000000,0.000000
12582124.000000,-2.264821,-1.654498,1.454212,-1.471166,1.681214,1.535084,-0.589171,0.058237,0.707066,0.687925,0.067578,-0.037349,1.170231,0.006097,-15.838580,-28.424335,31.569626,5.597411,1.199735,-2.512101,0.312057,0.000000,0.000000,0.000000,0.000000,0.000000,0.000000
12582125.000000,-2.264787,-1.653752,1.454994,-1.471088,1.681223,1.536149,-0.589176,0.049903,0.711745,0.713868,0.071422,-0.020474,1.133678,0.002480,-15.541034,-31.118122,30.760300,5.597411,0.835355,-1.939896,0.365157,0.000000,0.000000,0.000000,0.000000,0.000000,0.000000
12582126.000000,-2.264773,-1.653040,1.455777,-1.470995,1.681243,1.537164,-0.589172,0.039003,0.711519,0.736052,0.076566,-0.006532,1.102254,0.001940,-15.045123,-33.224751,30.145370,5.522032,0.416959,-1.074723,0.365157,0.000000,0.000000,0.000000,0.000000,0.000000,0.000000
12582127.000000,-2.264775,-1.652363,1.456561,-1.470882,1.681232,1.538181,-0.589170,0.028364,0.696031,0.744538,0.087673,-0.009961,1.069120,0.005221,-14.402423,-34.569660,29.903366,5.276061,0.356534,-0.736893,0.377975,0.000000,0.000000,0.000000,0.000000,0.000000,0.000000
12582128.000000,-2.264791,-1.651701,1.457330,-1.470740,1.681202,1.539245,-0.589161,0.012426,0.672925,0.754102,0.105088,-0.018959,1.055878,0.005211,-13.660541,-35.620991,30.026352,4.756346,0.482877,-0.827531,0.345016,0.000000,0.000000,0.000000,0.000000,0.000000,0.000000
12582129.000000,-2.264825,-1.651087,1.458120,-1.470591,1.681169,1.540278,-0.589158,-0.004222,0.649945,0.757879,0.122584,-0.024890,1.052326,0.006722,-12.815509,-36.112934,30.196945,4.264403,0.620206,-0.918168,0.384383,0.000000,0.000000,0.000000,0.000000,0.000000,0.000000
12582130.000000,-2.264863,-1.650499,1.458919,-1.470425,1.681131,1.541287,-0.589144,-0.015308,0.621063,0.765567,0.139662,-0.028618,1.030010,0.009870,-12.002215,-36.331135,30.466721,3.744688,0.757535,-0.801896,0.371566,0.000000,0.000000,0.000000,0.000000,0.000000,0.000000
12582131.000000,-2.264898,-1.649962,1.459691,-1.470272,1.681070,1.542290,-0.589128,-0.021967,0.597964,0.761297,0.141370,-0.039139,1.045488,0.017999,-11.383319,-36.065327,31.081650,3.546324,0.990079,-0.756120,0.318465,0.000000,0.000000,0.000000,0.000000,0.000000,0.000000
12582132.000000,-2.264941,-1.649476,1.460451,-1.470134,1.680992,1.543310,-0.589107,-0.027085,0.554578,0.752990,0.139315,-0.053807,1.039221,0.014805,-10.764422,-35.133015,32.208359,3.645506,1.294950,-0.898942,0.279098,0.000000,0.000000,0.000000,0.000000,0.000000,0.000000
12582133.000000,-2.264982,-1.649040,1.461180,-1.470001,1.680911,1.544345,-0.589096,-0.030583,0.507677,0.738347,0.137765,-0.064541,1.033443,0.013693,-10.292315,-33.835712,33.533432,3.915282,1.486295,-1.049088,0.318465,0.000000,0.000000,0.000000,0.000000,0.000000,0.000000
12582134.000000,-2.265026,-1.648643,1.461948,-1.469864,1.680846,1.545362,-0.589071,-0.034743,0.473540,0.747353,0.136552,-0.066581,1.045874,0.017166,-9.895587,-32.415424,34.489548,4.236632,1.402982,-1.106766,0.246139,0.000000,0.000000,0.000000,0.000000,0.000000,0.000000
12582135.000000,-2.265074,-1.648262,1.462703,-1.469730,1.680776,1.546414,-0.589041,-0.038344,0.439608,0.742679,0.134328,-0.067703,1.049259,0.019747,-9.498858,-31.022907,35.521042,4.633360,1.265653,-1.302689,0.173812,0.000000,0.000000,0.000000,0.000000,0.000000,0.000000
12582136.000000,-2.265114,-1.647923,1.463421,-1.469588,1.680667,1.547493,-0.589021,-0.035282,0.402791,0.736940,0.135218,-0.078814,1.051812,0.021735,-9.229083,-29.503437,36.846115,4.930907,1.384672,-1.653336,0.206771,0.000000,0.000000,0.000000,0.000000,0.000000,0.000000
12582137.000000,-2.265160,-1.647622,1.464135,-1.469454,1.680541,1.548554,-0.588988,-0.036793,0.372465,0.721911,0.132972,-0.094959,1.063711,0.023362,-8.955340,-27.912556,38.294174,5.252257,1.599821,-1.861161,0.127120,0.000000,0.000000,0.000000,0.000000,0.000000,0.000000
12582138.000000,-2.265206,-1.647336,1.464850,-1.469325,1.680397,1.549615,-0.588953,-0.039975,0.339155,0.725635,0.129803,-0.110515,1.058936,0.028391,-8.733172,-26.444660,39.547836,5.648985,1.928495,-1.802567,0.054794,0.000000,0.000000,0.000000,0.000000,0.000000,0.000000
12582139.000000,-2.265239,-1.647072,1.465580,-1.469206,1.680235,1.550655,-0.588925,-0.037484,0.316730,0.721260,0.123576,-0.132514,1.051492,0.028188,-8.733172,-25.147358,40.626938,6.216307,2.316679,-1.627702,0.087753,0.000000,0.000000,0.000000,0.000000,0.000000,0.000000
12582140.000000,-2.265275,-1.646835,1.466295,-1.469084,1.680066,1.551753,-0.588886,-0.035121,0.287710,0.718085,0.124887,-0.142135,1.056203,0.031537,-8.780780,-23.798481,41.928207,6.684447,2.645353,-1.751298,0.028243,0.000000,0.000000,0.000000,0.000000,0.000000,0.000000
12582141.000000,-2.265301,-1.646617,1.467002,-1.468975,1.679870,1.552897,-0.588851,-0.030588,0.262588,0.713939,0.121534,-0.161838,1.071763,0.035643,-8.955340,-22.501179,43.082687,7.327147,3.063749,-2.173356,0.041976,0.000000,0.000000,0.000000,0.000000,0.000000,0.000000
12582142.000000,-2.265323,-1.646416,1.467720,-1.468881,1.679673,1.554026,-0.588812,-0.028255,0.245418,0.714841,0.114625,-0.172493,1.105035,0.035648,-9.252887,-21.326862,44.161789,8.021421,3.380521,-2.459916,0.028243,0.000000,0.000000,0.000000,0.000000,0.000000,0.000000
12582143.000000,-2.265344,-1.646219,1.468423,-1.468799,1.679487,1.555147,-0.588766,-0.023780,0.224907,0.707256,0.102261,-0.172299,1.103538,0.037858,-9.574237,-20.346943,45.316269,8.810911,3.476652,-2.472733,-0.044083,0.000000,0.000000,0.000000,0.000000,0.000000,0.000000
12582144.000000,-2.265363,-1.646047,1.469102,-1.468718,1.679304,1.556286,-0.588712,-0.019460,0.209994,0.708063,0.093674,-0.176262,1.122247,0.040445,-9.947162,-19.394794,46.589767,9.576597,3.536161,-2.485551,-0.149369,0.000000,0.000000,0.000000,0.000000,0.000000,0.000000
12582145.000000,-2.265377,-1.645879,1.469787,-1.468637,1.679125,1.557413,-0.588652,-0.019208,0.198580,0.700800,0.087427,-0.177184,1.122670,0.047596,-10.339923,-18.585468,47.918808,10.219297,3.524259,-2.544144,-0.281205,0.000000,0.000000,0.000000,0.000000,0.000000,0.000000
12582146.000000,-2.265399,-1.645710,1.470449,-1.468561,1.678964,1.558555,-0.588592,-0.020788,0.187406,0.692875,0.081817,-0.167948,1.124972,0.051920,-10.665240,-17.974506,49.291489,10.885801,3.363126,-2.615556,-0.393815,0.000000,0.000000,0.000000,0.000000,0.000000,0.000000
12582147.000000,-2.265414,-1.645536,1.471120,-1.468478,1.678814,1.559686,-0.588537,-0.020541,0.184566,0.684953,0.081928,-0.160095,1.130777,0.052589,-11.058002,-17.752338,50.616562,11.381712,3.141569,-2.609147,-0.433182,0.000000,0.000000,0.000000,0.000000,0.000000,0.000000
12582148.000000,-2.265424,-1.645359,1.471782,-1.468404,1.678661,1.560835,-0.588472,-0.016434,0.181871,0.681097,0.077369,-0.157528,1.139396,0.054788,-11.506305,-17.728535,51.965439,11.925230,2.992338,-2.648515,-0.518327,0.000000,0.000000,0.000000,0.000000,0.000000,0.000000
12582149.000000,-2.265440,-1.645175,1.472416,-1.468328,1.678499,1.562001,-0.588408,-0.014600,0.183931,0.664984,0.073521,-0.156478,1.168191,0.055764,-11.903033,-17.899128,53.512680,12.345762,2.986845,-2.778519,-0.584244,0.000000,0.000000,0.000000,0.000000,0.000000,0.000000
12582150.000000,-2.265447,-1.644976,1.473049,-1.468255,1.678329,1.563143,-0.588349,-0.011839,0.190610,0.652223,0.074169,-0.163573,1.157802,0.057811,-12.371173,-18.367268,55.036118,12.742491,3.201078,-2.954301,-0.571427,0.000000,0.000000,0.000000,0.000000,0.000000,0.000000
12582151.000000,-2.265459,-1.644754,1.473671,-1.468169,1.678174,1.564300,-0.588280,-0.010947,0.203053,0.640677,0.078278,-0.160690,1.149536,0.062610,-12.791705,-19.196430,56.579391,12.964659,3.351224,-3.097123,-0.637345,0.000000,0.000000,0.000000,0.000000,0.000000,0.000000
12582152.000000,-2.265481,-1.644519,1.474293,-1.468075,1.678035,1.565438,-0.588221,-0.016323,0.217263,0.630567,0.086502,-0.155496,1.144909,0.065505,-13.065448,-20.251728,58.079025,13.087645,3.440946,-3.214310,-0.577836,0.000000,0.000000,0.000000,0.000000,0.000000,0.000000
12582153.000000,-2.265496,-1.644273,1.474912,-1.467971,1.677891,1.566589,-0.588161,-0.018181,0.230545,0.621674,0.092267,-0.149118,1.140982,0.061308,-13.434405,-21.525227,59.598495,13.063841,3.571867,-3.239945,-0.551286,0.000000,0.000000,0.000000,0.000000,0.000000,0.000000
12582154.000000,-2.265517,-1.644009,1.475500,-1.467856,1.677757,1.567730,-0.588091,-0.017924,0.241788,0.612018,0.100628,-0.141749,1.132851,0.060358,-13.731952,-22.941547,61.316330,12.964659,3.637784,-3.220719,-0.591569,0.000000,0.000000,0.000000,0.000000,0.000000,0.000000
12582155.000000,-2.265539,-1.643727,1.476095,-1.467743,1.677625,1.568847,-0.588038,-0.021693,0.259880,0.609374,0.104299,-0.143359,1.128620,0.054391,-14.005694,-24.532429,63.061935,12.964659,3.763212,-3.109940,-0.492692,0.000000,0.000000,0.000000,0.000000,0.000000,0.000000
12582156.000000,-2.265562,-1.643429,1.476682,-1.467630,1.677493,1.569970,-0.587985,-0.023990,0.273909,0.603756,0.105792,-0.141177,1.112087,0.052929,-14.303241,-26.222492,64.728195,13.012266,3.817228,-3.012894,-0.466141,0.000000,0.000000,0.000000,0.000000,0.000000,0.000000
12582157.000000,-2.265582,-1.643102,1.477276,-1.467521,1.677360,1.571090,-0.587933,-0.021926,0.292172,0.597292,0.104970,-0.139702,1.119357,0.050982,-14.624591,-28.253742,66.251633,13.135252,3.859342,-3.044938,-0.419450,0.000000,0.000000,0.000000,0.000000,0.000000,0.000000
